-0.9749137	-0.06640204	1.7758285	1	2015_02_25_09_48_48_225
-0.9749137	-0.06640204	1.7758285	1	2015_02_25_09_48_48_225
-0.9749137	-0.06640204	1.7758285	1	2015_02_25_09_48_48_225
-0.72766435	-0.24270347	2.1766212	4	2015_02_25_09_48_48_225
-0.9749137	-0.06640204	1.7758285	1	2015_02_25_09_48_48_225
-0.9749137	-0.06640204	1.7758285	2	2015_02_25_09_48_48_225
-0.9749137	-0.06640204	1.7758285	1	2015_02_25_09_48_48_242
-0.97093433	-0.06678808	1.772939	1	2015_02_25_09_48_48_258
-0.97093433	-0.06678808	1.772939	1	2015_02_25_09_48_48_275
-0.9577904	-0.0756272	1.7699305	1	2015_02_25_09_48_48_290
-0.94252807	-0.08227122	1.7649249	1	2015_02_25_09_48_48_307
-0.94252807	-0.08227122	1.7649249	1	2015_02_25_09_48_48_323
0 0 0 0 2015_02_25_09_48_48_327
-0.92267996	-0.088220395	1.7619878	1	2015_02_25_09_48_48_342
-0.92267996	-0.088220395	1.7619878	1	2015_02_25_09_48_48_356
-0.9115061	-0.088012494	1.7606769	1	2015_02_25_09_48_48_375
-0.9115061	-0.088012494	1.7606769	1	2015_02_25_09_48_48_390
-0.9115061	-0.088012494	1.7606769	1	2015_02_25_09_48_48_408
-0.88911545	-0.08997708	1.7578515	1	2015_02_25_09_48_48_423
-0.8731887	-0.09099694	1.7570151	1	2015_02_25_09_48_48_441
-0.8731887	-0.09099694	1.7570151	1	2015_02_25_09_48_48_456
-0.8575488	-0.08851809	1.7583282	1	2015_02_25_09_48_48_474
-0.8575488	-0.08851809	1.7583282	1	2015_02_25_09_48_48_490
-0.8411075	-0.08557199	1.7637726	1	2015_02_25_09_48_48_507
-0.8411075	-0.08557199	1.7637726	1	2015_02_25_09_48_48_525
-0.8411075	-0.08557199	1.7637726	1	2015_02_25_09_48_48_541
-0.8304201	-0.084926195	1.7663655	1	2015_02_25_09_48_48_557
-0.8203083	-0.08323602	1.7691513	1	2015_02_25_09_48_48_574
-0.8203083	-0.08323602	1.7691513	1	2015_02_25_09_48_48_590
-0.811074	-0.081994824	1.7716482	1	2015_02_25_09_48_48_608
-0.811074	-0.081994824	1.7716482	1	2015_02_25_09_48_48_624
-0.8033509	-0.0804086	1.7736111	1	2015_02_25_09_48_48_640
-0.8033509	-0.0804086	1.7736111	1	2015_02_25_09_48_48_656
-0.796246	-0.07934711	1.7763556	1	2015_02_25_09_48_48_674
-0.796246	-0.07934711	1.7763556	1	2015_02_25_09_48_48_690
-0.790075	-0.08017062	1.7801404	1	2015_02_25_09_48_48_708
-0.790075	-0.08017062	1.7801404	1	2015_02_25_09_48_48_723
-0.78506935	-0.0805691	1.7844043	1	2015_02_25_09_48_48_740
-0.78506935	-0.0805691	1.7844043	1	2015_02_25_09_48_48_756
-0.78506935	-0.0805691	1.7844043	1	2015_02_25_09_48_48_773
-0.78506935	-0.0805691	1.7844043	1	2015_02_25_09_48_48_792
-0.77810556	-0.0815162	1.7882233	1	2015_02_25_09_48_48_808
-0.77810556	-0.0815162	1.7882233	1	2015_02_25_09_48_48_824
-0.7609014	-0.08140717	1.8048002	1	2015_02_25_09_48_48_841
-0.7609014	-0.08140717	1.8048002	1	2015_02_25_09_48_48_859
-0.7545483	-0.08238107	1.8138368	1	2015_02_25_09_48_48_875
-0.7545483	-0.08238107	1.8138368	1	2015_02_25_09_48_48_893
-0.75050914	-0.08220858	1.822783	1	2015_02_25_09_48_48_909
-0.75050914	-0.08220858	1.822783	1	2015_02_25_09_48_48_927
-0.75050914	-0.08220858	1.822783	1	2015_02_25_09_48_48_943
-0.74649835	-0.08267398	1.8313347	1	2015_02_25_09_48_48_959
-0.74649835	-0.08267398	1.8313347	1	2015_02_25_09_48_48_976
-0.74418575	-0.08338482	1.8414189	1	2015_02_25_09_48_48_992
-0.74418575	-0.08338482	1.8414189	1	2015_02_25_09_48_49_008
-0.74418575	-0.08338482	1.8414189	1	2015_02_25_09_48_49_025
-0.73198664	-0.08525607	1.8727534	1	2015_02_25_09_48_49_042
-0.73198664	-0.08525607	1.8727534	1	2015_02_25_09_48_49_059
-0.7281697	-0.086535566	1.8811442	1	2015_02_25_09_48_49_077
-0.7281697	-0.086535566	1.8811442	1	2015_02_25_09_48_49_092
-0.72083604	-0.088523485	1.8966513	1	2015_02_25_09_48_49_110
-0.72083604	-0.088523485	1.8966513	1	2015_02_25_09_48_49_124
-0.72083604	-0.088523485	1.8966513	1	2015_02_25_09_48_49_142
-0.72083604	-0.088523485	1.8966513	1	2015_02_25_09_48_49_160
-0.72083604	-0.088523485	1.8966513	1	2015_02_25_09_48_49_176
-0.72083604	-0.088523485	1.8966513	1	2015_02_25_09_48_49_193
-0.72083604	-0.088523485	1.8966513	1	2015_02_25_09_48_49_210
-0.70852	-0.08506636	1.9235351	1	2015_02_25_09_48_49_226
-0.70852	-0.08506636	1.9235351	1	2015_02_25_09_48_49_244
-0.70852	-0.08506636	1.9235351	1	2015_02_25_09_48_49_259
-0.70852	-0.08506636	1.9235351	1	2015_02_25_09_48_49_277
-0.70852	-0.08506636	1.9235351	1	2015_02_25_09_48_49_295
-0.70852	-0.08506636	1.9235351	1	2015_02_25_09_48_49_311
-0.7031426	-0.07885211	1.936744	1	2015_02_25_09_48_49_327
-0.7016584	-0.078068465	1.9405929	1	2015_02_25_09_48_49_345
-0.7016584	-0.078068465	1.9405929	1	2015_02_25_09_48_49_359
-0.7005684	-0.07812806	1.9425794	1	2015_02_25_09_48_49_376
-0.7005684	-0.07812806	1.9425794	1	2015_02_25_09_48_49_392
-0.6989118	-0.07836984	1.9451988	1	2015_02_25_09_48_49_409
-0.6989118	-0.07836984	1.9451988	1	2015_02_25_09_48_49_427
-0.69830924	-0.07868987	1.9462547	1	2015_02_25_09_48_49_442
-0.69830924	-0.07868987	1.9462547	1	2015_02_25_09_48_49_459
-0.69818753	-0.07893068	1.9465431	1	2015_02_25_09_48_49_477
-0.69818753	-0.07893068	1.9465431	1	2015_02_25_09_48_49_493
-0.69822276	-0.07901964	1.9465802	1	2015_02_25_09_48_49_510
-0.69822276	-0.07901964	1.9465802	1	2015_02_25_09_48_49_527
-0.69867676	-0.07911965	1.9466544	1	2015_02_25_09_48_49_542
-0.69867676	-0.07911965	1.9466544	1	2015_02_25_09_48_49_558
-0.69922966	-0.079143554	1.94649	1	2015_02_25_09_48_49_576
-0.69922966	-0.079143554	1.94649	1	2015_02_25_09_48_49_592
-0.69922966	-0.079143554	1.94649	1	2015_02_25_09_48_49_609
-0.69922966	-0.079143554	1.94649	1	2015_02_25_09_48_49_626
-0.7034209	-0.07673291	1.9449737	1	2015_02_25_09_48_49_642
-0.7034209	-0.07673291	1.9449737	1	2015_02_25_09_48_49_660
-0.70465165	-0.075181805	1.9447961	1	2015_02_25_09_48_49_676
-0.70465165	-0.075181805	1.9447961	1	2015_02_25_09_48_49_693
-0.70577794	-0.07309965	1.9452677	1	2015_02_25_09_48_49_710
-0.70577794	-0.07309965	1.9452677	1	2015_02_25_09_48_49_727
-0.7078005	-0.07148956	1.9451852	1	2015_02_25_09_48_49_743
-0.7078005	-0.07148956	1.9451852	1	2015_02_25_09_48_49_760
-0.70849967	-0.07112405	1.9454089	1	2015_02_25_09_48_49_776
-0.70849967	-0.07112405	1.9454089	1	2015_02_25_09_48_49_794
-0.7093232	-0.07280614	1.9462053	1	2015_02_25_09_48_49_810
-0.7093232	-0.07280614	1.9462053	1	2015_02_25_09_48_49_827
-0.7102427	-0.076408684	1.9471143	1	2015_02_25_09_48_49_844
-0.7102427	-0.076408684	1.9471143	1	2015_02_25_09_48_49_860
-0.71043944	-0.07948339	1.948132	1	2015_02_25_09_48_49_878
-0.71043944	-0.07948339	1.948132	1	2015_02_25_09_48_49_896
-0.71068907	-0.08050157	1.9483922	1	2015_02_25_09_48_49_912
-0.71068907	-0.08050157	1.9483922	1	2015_02_25_09_48_49_928
-0.71068907	-0.08050157	1.9483922	1	2015_02_25_09_48_49_944
-0.7109323	-0.08162924	1.9483402	1	2015_02_25_09_48_49_962
-0.7109323	-0.08162924	1.9483402	1	2015_02_25_09_48_49_977
-0.7109323	-0.08162924	1.9483402	1	2015_02_25_09_48_49_995
-0.71113425	-0.08175491	1.9482797	1	2015_02_25_09_48_50_010
-0.71113425	-0.08175491	1.9482797	1	2015_02_25_09_48_50_027
-0.7113185	-0.081119835	1.9478805	1	2015_02_25_09_48_50_045
-0.7113185	-0.081119835	1.9478805	1	2015_02_25_09_48_50_061
-0.7113128	-0.08120563	1.9477804	1	2015_02_25_09_48_50_078
-0.7113128	-0.08120563	1.9477804	1	2015_02_25_09_48_50_095
-0.71121794	-0.081513464	1.9474351	1	2015_02_25_09_48_50_111
-0.71121794	-0.081513464	1.9474351	1	2015_02_25_09_48_50_130
-0.7112238	-0.082472816	1.9473116	1	2015_02_25_09_48_50_144
-0.7112238	-0.082472816	1.9473116	1	2015_02_25_09_48_50_162
-0.7106368	-0.08495244	1.9465975	1	2015_02_25_09_48_50_178
-0.7106368	-0.08495244	1.9465975	1	2015_02_25_09_48_50_194
-0.7099316	-0.08879425	1.9454724	1	2015_02_25_09_48_50_212
-0.7099316	-0.08879425	1.9454724	1	2015_02_25_09_48_50_229
-0.70913845	-0.090043	1.9451869	1	2015_02_25_09_48_50_245
-0.70913845	-0.090043	1.9451869	1	2015_02_25_09_48_50_264
-0.7085152	-0.09118287	1.9452949	1	2015_02_25_09_48_50_279
-0.7085152	-0.09118287	1.9452949	1	2015_02_25_09_48_50_295
-0.7085152	-0.09118287	1.9452949	1	2015_02_25_09_48_50_312
-0.7085152	-0.09118287	1.9452949	1	2015_02_25_09_48_50_329
-0.70757407	-0.09204266	1.9439281	1	2015_02_25_09_48_50_345
-0.70757407	-0.09204266	1.9439281	1	2015_02_25_09_48_50_363
-0.70743465	-0.092101686	1.943632	1	2015_02_25_09_48_50_379
-0.70743465	-0.092101686	1.943632	1	2015_02_25_09_48_50_396
-0.7072792	-0.09221995	1.9427428	1	2015_02_25_09_48_50_412
-0.7072792	-0.09221995	1.9427428	1	2015_02_25_09_48_50_428
-0.7072273	-0.09201901	1.9423614	1	2015_02_25_09_48_50_445
-0.7072273	-0.09201901	1.9423614	1	2015_02_25_09_48_50_462
-0.707277	-0.09237815	1.9406526	1	2015_02_25_09_48_50_477
-0.707277	-0.09237815	1.9406526	1	2015_02_25_09_48_50_495
-0.7068577	-0.09269169	1.9398565	1	2015_02_25_09_48_50_510
-0.7068577	-0.09269169	1.9398565	1	2015_02_25_09_48_50_529
-0.7069872	-0.093433276	1.9387581	1	2015_02_25_09_48_50_544
-0.7069872	-0.093433276	1.9387581	1	2015_02_25_09_48_50_562
-0.7066966	-0.095076196	1.9328666	1	2015_02_25_09_48_50_578
-0.7066966	-0.095076196	1.9328666	1	2015_02_25_09_48_50_595
-0.7066249	-0.09628169	1.9307003	1	2015_02_25_09_48_50_611
-0.7066249	-0.09628169	1.9307003	1	2015_02_25_09_48_50_628
-0.70663613	-0.09661655	1.9302565	1	2015_02_25_09_48_50_644
-0.70663613	-0.09661655	1.9302565	1	2015_02_25_09_48_50_662
-0.70663613	-0.09661655	1.9302565	1	2015_02_25_09_48_50_678
-0.70663613	-0.09661655	1.9302565	1	2015_02_25_09_48_50_696
-0.7068133	-0.09670773	1.9302322	1	2015_02_25_09_48_50_712
-0.7068133	-0.09670773	1.9302322	1	2015_02_25_09_48_50_731
-0.70662636	-0.097137	1.9297144	1	2015_02_25_09_48_50_745
-0.70662636	-0.097137	1.9297144	1	2015_02_25_09_48_50_763
-0.70687944	-0.097574815	1.9292393	1	2015_02_25_09_48_50_779
-0.70687944	-0.097574815	1.9292393	1	2015_02_25_09_48_50_797
-0.7070635	-0.098138176	1.9285173	1	2015_02_25_09_48_50_812
-0.7070635	-0.098138176	1.9285173	1	2015_02_25_09_48_50_830
-0.70708233	-0.098137595	1.9285283	1	2015_02_25_09_48_50_845
-0.70708233	-0.098137595	1.9285283	1	2015_02_25_09_48_50_863
-0.70708233	-0.098137595	1.9285283	1	2015_02_25_09_48_50_878
-0.70708233	-0.098137595	1.9285283	1	2015_02_25_09_48_50_897
-0.7073854	-0.09843414	1.9288621	1	2015_02_25_09_48_50_913
-0.7073854	-0.09843414	1.9288621	1	2015_02_25_09_48_50_930
-0.70772326	-0.09859891	1.9290526	1	2015_02_25_09_48_50_945
-0.70772326	-0.09859891	1.9290526	1	2015_02_25_09_48_50_962
-0.70772326	-0.09859891	1.9290526	1	2015_02_25_09_48_50_978
-0.70772326	-0.09859891	1.9290526	1	2015_02_25_09_48_50_997
-0.7086183	-0.09877301	1.9293845	1	2015_02_25_09_48_51_013
-0.7086183	-0.09877301	1.9293845	1	2015_02_25_09_48_51_030
-0.7095503	-0.098782845	1.929236	1	2015_02_25_09_48_51_046
-0.7095503	-0.098782845	1.929236	1	2015_02_25_09_48_51_063
-0.70979047	-0.098862134	1.929197	1	2015_02_25_09_48_51_080
-0.70979047	-0.098862134	1.929197	1	2015_02_25_09_48_51_097
-0.70996064	-0.0987358	1.9290199	1	2015_02_25_09_48_51_113
-0.70996064	-0.0987358	1.9290199	1	2015_02_25_09_48_51_131
-0.710724	-0.09854338	1.9286457	1	2015_02_25_09_48_51_146
-0.710724	-0.09854338	1.9286457	1	2015_02_25_09_48_51_163
-0.710724	-0.09854338	1.9286457	1	2015_02_25_09_48_51_179
-0.710724	-0.09854338	1.9286457	1	2015_02_25_09_48_51_197
-0.7114352	-0.09807862	1.9274333	1	2015_02_25_09_48_51_214
-0.7114867	-0.097829565	1.927031	1	2015_02_25_09_48_51_231
-0.7114867	-0.097829565	1.927031	1	2015_02_25_09_48_51_246
-0.7114867	-0.097829565	1.927031	1	2015_02_25_09_48_51_266
-0.7111399	-0.097709134	1.9256395	1	2015_02_25_09_48_51_280
-0.7111399	-0.097709134	1.9256395	1	2015_02_25_09_48_51_298
-0.7100958	-0.09742319	1.9242423	1	2015_02_25_09_48_51_313
-0.7100958	-0.09742319	1.9242423	1	2015_02_25_09_48_51_331
-0.7096008	-0.09725697	1.9231435	1	2015_02_25_09_48_51_347
-0.7096008	-0.09725697	1.9231435	1	2015_02_25_09_48_51_365
-0.7096008	-0.09725697	1.9231435	1	2015_02_25_09_48_51_380
-0.7091504	-0.09695826	1.9223772	1	2015_02_25_09_48_51_399
-0.7091504	-0.09695826	1.9223772	1	2015_02_25_09_48_51_415
-0.7091504	-0.09695826	1.9223772	1	2015_02_25_09_48_51_432
-0.7091504	-0.09695826	1.9223772	1	2015_02_25_09_48_51_450
-0.7091504	-0.09695826	1.9223772	1	2015_02_25_09_48_51_464
-0.7091504	-0.09695826	1.9223772	1	2015_02_25_09_48_51_481
-0.70877624	-0.09666481	1.9222301	1	2015_02_25_09_48_51_498
-0.70845556	-0.0966269	1.922089	1	2015_02_25_09_48_51_514
-0.7075143	-0.09641722	1.9221354	1	2015_02_25_09_48_51_531
-0.7075143	-0.09641722	1.9221354	1	2015_02_25_09_48_51_549
-0.70674896	-0.09626593	1.9219661	1	2015_02_25_09_48_51_566
-0.70674896	-0.09626593	1.9219661	1	2015_02_25_09_48_51_581
-0.70674896	-0.09626593	1.9219661	1	2015_02_25_09_48_51_598
-0.70674896	-0.09626593	1.9219661	1	2015_02_25_09_48_51_617
-0.70674896	-0.09626593	1.9219661	1	2015_02_25_09_48_51_632
-0.70261973	-0.09427439	1.9208355	1	2015_02_25_09_48_51_649
-0.70261973	-0.09427439	1.9208355	1	2015_02_25_09_48_51_665
-0.7002421	-0.09298706	1.920143	1	2015_02_25_09_48_51_682
-0.7002421	-0.09298706	1.920143	1	2015_02_25_09_48_51_700
-0.697097	-0.091469795	1.9202058	1	2015_02_25_09_48_51_716
-0.69562256	-0.09092493	1.919754	1	2015_02_25_09_48_51_733
-0.69562256	-0.09092493	1.919754	1	2015_02_25_09_48_51_748
-0.69562256	-0.09092493	1.919754	1	2015_02_25_09_48_51_766
-0.69463193	-0.09023729	1.9188882	1	2015_02_25_09_48_51_781
-0.6932718	-0.08991544	1.9183437	1	2015_02_25_09_48_51_799
-0.6932718	-0.08991544	1.9183437	1	2015_02_25_09_48_51_815
-0.6932718	-0.08991544	1.9183437	1	2015_02_25_09_48_51_832
-0.6917426	-0.08958805	1.9175943	1	2015_02_25_09_48_51_847
-0.6917426	-0.08958805	1.9175943	1	2015_02_25_09_48_51_867
-0.6892542	-0.08883207	1.9169601	1	2015_02_25_09_48_51_882
-0.6892542	-0.08883207	1.9169601	1	2015_02_25_09_48_51_899
-0.6880509	-0.087682836	1.9160982	1	2015_02_25_09_48_51_915
-0.6880509	-0.087682836	1.9160982	1	2015_02_25_09_48_51_935
-0.6866738	-0.086773716	1.9153891	1	2015_02_25_09_48_51_947
-0.6866738	-0.086773716	1.9153891	1	2015_02_25_09_48_51_964
-0.6866738	-0.086773716	1.9153891	1	2015_02_25_09_48_51_981
-0.68190736	-0.08336185	1.913843	1	2015_02_25_09_48_51_999
-0.68190736	-0.08336185	1.913843	1	2015_02_25_09_48_52_015
-0.68190736	-0.08336185	1.913843	1	2015_02_25_09_48_52_032
-0.68190736	-0.08336185	1.913843	1	2015_02_25_09_48_52_052
-0.68190736	-0.08336185	1.913843	1	2015_02_25_09_48_52_066
-0.68038195	-0.08240547	1.9119512	1	2015_02_25_09_48_52_084
-0.68038195	-0.08240547	1.9119512	1	2015_02_25_09_48_52_102
-0.68155086	-0.080769464	1.9101032	1	2015_02_25_09_48_52_117
-0.6877422	-0.079931505	1.9089282	1	2015_02_25_09_48_52_134
-0.6877422	-0.079931505	1.9089282	1	2015_02_25_09_48_52_151
-0.6877422	-0.079931505	1.9089282	1	2015_02_25_09_48_52_168
-0.6903343	-0.07855777	1.9057499	1	2015_02_25_09_48_52_185
-0.6903343	-0.07855777	1.9057499	1	2015_02_25_09_48_52_201
-0.6903343	-0.07855777	1.9057499	1	2015_02_25_09_48_52_217
-0.691934	-0.07810059	1.902013	1	2015_02_25_09_48_52_233
-0.691934	-0.07810059	1.902013	1	2015_02_25_09_48_52_251
-0.691934	-0.07810059	1.902013	1	2015_02_25_09_48_52_268
-0.691934	-0.07810059	1.902013	1	2015_02_25_09_48_52_283
-0.69045496	-0.076382086	1.896837	1	2015_02_25_09_48_52_301
-0.69045496	-0.076382086	1.896837	1	2015_02_25_09_48_52_317
-0.69045496	-0.076382086	1.896837	1	2015_02_25_09_48_52_334
-0.69045496	-0.076382086	1.896837	1	2015_02_25_09_48_52_352
-0.6895767	-0.07614264	1.8945603	1	2015_02_25_09_48_52_367
-0.70613086	-0.07718069	1.8956267	1	2015_02_25_09_48_52_384
-0.70613086	-0.07718069	1.8956267	1	2015_02_25_09_48_52_400
-0.70613086	-0.07718069	1.8956267	1	2015_02_25_09_48_52_417
-0.70613086	-0.07718069	1.8956267	1	2015_02_25_09_48_52_433
-0.7095998	-0.07918073	1.9067386	1	2015_02_25_09_48_52_451
-0.7095998	-0.07918073	1.9067386	1	2015_02_25_09_48_52_469
-0.7095998	-0.07918073	1.9067386	1	2015_02_25_09_48_52_485
-0.7095998	-0.07918073	1.9067386	1	2015_02_25_09_48_52_502
-0.7095998	-0.07918073	1.9067386	1	2015_02_25_09_48_52_519
-0.7099644	-0.079905145	1.9103979	1	2015_02_25_09_48_52_535
-0.710203	-0.08033692	1.9110628	1	2015_02_25_09_48_52_551
-0.710203	-0.08033692	1.9110628	1	2015_02_25_09_48_52_567
-0.710203	-0.08033692	1.9110628	1	2015_02_25_09_48_52_584
-0.71400476	-0.08109063	1.9142267	1	2015_02_25_09_48_52_601
-0.71400476	-0.08109063	1.9142267	1	2015_02_25_09_48_52_617
-0.71400476	-0.08109063	1.9142267	1	2015_02_25_09_48_52_633
-0.71400476	-0.08109063	1.9142267	1	2015_02_25_09_48_52_650
-0.71400476	-0.08109063	1.9142267	1	2015_02_25_09_48_52_669
-0.71531796	-0.08189658	1.9140425	1	2015_02_25_09_48_52_684
-0.71531796	-0.08189658	1.9140425	1	2015_02_25_09_48_52_700
-0.71895784	-0.082990415	1.9152147	1	2015_02_25_09_48_52_717
-0.71895784	-0.082990415	1.9152147	1	2015_02_25_09_48_52_735
-0.72033185	-0.08375955	1.9138694	1	2015_02_25_09_48_52_751
-0.72033185	-0.08375955	1.9138694	1	2015_02_25_09_48_52_767
-0.7212086	-0.08421585	1.9135602	1	2015_02_25_09_48_52_783
-0.7212086	-0.08421585	1.9135602	1	2015_02_25_09_48_52_801
-0.7242122	-0.085606515	1.9126245	1	2015_02_25_09_48_52_816
-0.7242122	-0.085606515	1.9126245	1	2015_02_25_09_48_52_836
-0.724792	-0.086050615	1.9128597	1	2015_02_25_09_48_52_850
-0.7265924	-0.086077794	1.9124523	1	2015_02_25_09_48_52_867
-0.7265924	-0.086077794	1.9124523	1	2015_02_25_09_48_52_884
-0.7266576	-0.08630978	1.9126445	1	2015_02_25_09_48_52_901
-0.7266576	-0.08630978	1.9126445	1	2015_02_25_09_48_52_917
-0.7266576	-0.08630978	1.9126445	1	2015_02_25_09_48_52_934
-0.7267731	-0.08652914	1.9128773	1	2015_02_25_09_48_52_952
-0.7267731	-0.08652914	1.9128773	1	2015_02_25_09_48_52_967
-0.7332671	-0.087509684	1.917396	1	2015_02_25_09_48_52_986
-0.7332671	-0.087509684	1.917396	1	2015_02_25_09_48_53_002
-0.73257977	-0.087849855	1.9172932	1	2015_02_25_09_48_53_018
-0.73257977	-0.087849855	1.9172932	1	2015_02_25_09_48_53_035
-0.7318715	-0.08860932	1.9174414	1	2015_02_25_09_48_53_052
-0.7309257	-0.08943731	1.9173058	1	2015_02_25_09_48_53_069
-0.7309257	-0.08943731	1.9173058	1	2015_02_25_09_48_53_084
-0.7309257	-0.08943731	1.9173058	1	2015_02_25_09_48_53_100
-0.7309257	-0.08943731	1.9173058	1	2015_02_25_09_48_53_119
-0.7309257	-0.08943731	1.9173058	1	2015_02_25_09_48_53_135
-0.7309257	-0.08943731	1.9173058	1	2015_02_25_09_48_53_152
-0.7303347	-0.09004624	1.9172468	1	2015_02_25_09_48_53_168
-0.7284323	-0.09059941	1.917781	1	2015_02_25_09_48_53_185
-0.7284323	-0.09059941	1.917781	1	2015_02_25_09_48_53_202
-0.7281682	-0.09069819	1.917803	1	2015_02_25_09_48_53_218
-0.7281682	-0.09069819	1.917803	1	2015_02_25_09_48_53_235
-0.7263995	-0.09083755	1.9186964	1	2015_02_25_09_48_53_251
-0.72485685	-0.09128695	1.9192296	1	2015_02_25_09_48_53_269
-0.72485685	-0.09128695	1.9192296	1	2015_02_25_09_48_53_285
-0.72485685	-0.09128695	1.9192296	1	2015_02_25_09_48_53_301
-0.7247641	-0.09131458	1.919235	1	2015_02_25_09_48_53_318
-0.72380936	-0.091896154	1.9193227	1	2015_02_25_09_48_53_334
-0.72380936	-0.091896154	1.9193227	1	2015_02_25_09_48_53_352
-0.72380936	-0.091896154	1.9193227	1	2015_02_25_09_48_53_370
-0.7210975	-0.09244009	1.9197946	1	2015_02_25_09_48_53_385
-0.7210975	-0.09244009	1.9197946	1	2015_02_25_09_48_53_401
-0.72127557	-0.09289274	1.9217194	1	2015_02_25_09_48_53_419
-0.72435933	-0.09198791	1.9241465	1	2015_02_25_09_48_53_437
-0.72435933	-0.09198791	1.9241465	1	2015_02_25_09_48_53_452
-0.72435933	-0.09198791	1.9241465	1	2015_02_25_09_48_53_468
-0.7199622	-0.09197419	1.9235125	1	2015_02_25_09_48_53_484
-0.71944803	-0.0920549	1.9243217	1	2015_02_25_09_48_53_503
-0.71944803	-0.0920549	1.9243217	1	2015_02_25_09_48_53_519
-0.72277325	-0.0918843	1.9254327	1	2015_02_25_09_48_53_537
-0.72277325	-0.0918843	1.9254327	1	2015_02_25_09_48_53_552
-0.72266483	-0.09181217	1.9264119	1	2015_02_25_09_48_53_569
-0.72266483	-0.09181217	1.9264119	1	2015_02_25_09_48_53_584
-0.7244675	-0.091730945	1.9270481	1	2015_02_25_09_48_53_601
-0.7244675	-0.091730945	1.9270481	1	2015_02_25_09_48_53_618
-0.7178355	-0.091467	1.9258802	1	2015_02_25_09_48_53_636
-0.7178355	-0.091467	1.9258802	1	2015_02_25_09_48_53_653
-0.7178355	-0.091467	1.9258802	1	2015_02_25_09_48_53_671
-0.7157099	-0.091124944	1.9255921	1	2015_02_25_09_48_53_685
-0.7157099	-0.091124944	1.9255921	1	2015_02_25_09_48_53_703
-0.71534616	-0.09126252	1.9257455	1	2015_02_25_09_48_53_719
-0.71534616	-0.09126252	1.9257455	1	2015_02_25_09_48_53_737
-0.7156115	-0.09102864	1.9260868	1	2015_02_25_09_48_53_752
-0.7182343	-0.09078038	1.9309492	1	2015_02_25_09_48_53_770
-0.7182343	-0.09078038	1.9309492	1	2015_02_25_09_48_53_785
-0.7257506	-0.090697184	1.9374019	1	2015_02_25_09_48_53_805
-0.7257506	-0.090697184	1.9374019	1	2015_02_25_09_48_53_819
-0.7257506	-0.090697184	1.9374019	1	2015_02_25_09_48_53_836
-0.7261821	-0.090765424	1.9380215	1	2015_02_25_09_48_53_854
-0.7261821	-0.090765424	1.9380215	1	2015_02_25_09_48_53_871
-0.72866637	-0.09042085	1.9395218	1	2015_02_25_09_48_53_887
-0.7290521	-0.0893732	1.94179	1	2015_02_25_09_48_53_903
-0.7290521	-0.0893732	1.94179	1	2015_02_25_09_48_53_919
-0.7288618	-0.089372486	1.9420527	1	2015_02_25_09_48_53_937
-0.7288618	-0.089372486	1.9420527	1	2015_02_25_09_48_53_953
-0.7280646	-0.0886166	1.9429678	1	2015_02_25_09_48_53_969
-0.7280646	-0.0886166	1.9429678	1	2015_02_25_09_48_53_987
-0.7273997	-0.08795479	1.9436929	1	2015_02_25_09_48_54_003
-0.7273997	-0.08795479	1.9436929	1	2015_02_25_09_48_54_020
-0.72728866	-0.08744421	1.943889	1	2015_02_25_09_48_54_038
-0.72728866	-0.08744421	1.943889	1	2015_02_25_09_48_54_053
-0.72681946	-0.08693849	1.9442189	1	2015_02_25_09_48_54_070
-0.72681946	-0.08693849	1.9442189	1	2015_02_25_09_48_54_086
-0.72655785	-0.0863218	1.9452752	1	2015_02_25_09_48_54_103
-0.72655785	-0.0863218	1.9452752	1	2015_02_25_09_48_54_120
-0.7267738	-0.08591351	1.9454297	1	2015_02_25_09_48_54_136
-0.7267738	-0.08591351	1.9454297	1	2015_02_25_09_48_54_153
-0.72648674	-0.08534521	1.9461381	1	2015_02_25_09_48_54_171
-0.72648674	-0.08534521	1.9461381	1	2015_02_25_09_48_54_187
-0.72648674	-0.08534521	1.9461381	1	2015_02_25_09_48_54_204
-0.7265554	-0.08498945	1.9465811	1	2015_02_25_09_48_54_220
-0.72621155	-0.08455117	1.9469012	1	2015_02_25_09_48_54_236
-0.72621155	-0.08455117	1.9469012	1	2015_02_25_09_48_54_254
-0.7262426	-0.08420806	1.9474714	1	2015_02_25_09_48_54_270
-0.7262426	-0.08420806	1.9474714	1	2015_02_25_09_48_54_287
-0.7267173	-0.082989484	1.9482485	1	2015_02_25_09_48_54_303
-0.7267173	-0.082989484	1.9482485	1	2015_02_25_09_48_54_320
-0.7262493	-0.08232616	1.9481639	1	2015_02_25_09_48_54_337
-0.7262493	-0.08232616	1.9481639	1	2015_02_25_09_48_54_353
-0.7261947	-0.0822327	1.9481375	1	2015_02_25_09_48_54_370
-0.7261947	-0.0822327	1.9481375	1	2015_02_25_09_48_54_386
-0.72612506	-0.08214121	1.9481429	1	2015_02_25_09_48_54_403
-0.72612506	-0.08214121	1.9481429	1	2015_02_25_09_48_54_420
-0.72637284	-0.08203848	1.9484894	1	2015_02_25_09_48_54_436
-0.72637284	-0.08203848	1.9484894	1	2015_02_25_09_48_54_454
-0.72625196	-0.08177801	1.9489896	1	2015_02_25_09_48_54_471
-0.72625196	-0.08177801	1.9489896	1	2015_02_25_09_48_54_488
-0.72625196	-0.08177801	1.9489896	1	2015_02_25_09_48_54_506
-0.72639036	-0.08154547	1.949134	1	2015_02_25_09_48_54_521
-0.72639036	-0.08154547	1.949134	1	2015_02_25_09_48_54_539
-0.7260632	-0.08126213	1.9492135	1	2015_02_25_09_48_54_554
-0.7259517	-0.080434635	1.9500947	1	2015_02_25_09_48_54_572
-0.7259517	-0.080434635	1.9500947	1	2015_02_25_09_48_54_589
-0.7259517	-0.080434635	1.9500947	1	2015_02_25_09_48_54_606
-0.7259729	-0.08014461	1.950807	1	2015_02_25_09_48_54_622
-0.7259729	-0.08014461	1.950807	1	2015_02_25_09_48_54_639
-0.72581387	-0.08015602	1.9512787	1	2015_02_25_09_48_54_654
-0.7255755	-0.080040105	1.951569	1	2015_02_25_09_48_54_671
-0.7255755	-0.080040105	1.951569	1	2015_02_25_09_48_54_688
-0.7246273	-0.07988174	1.9525385	1	2015_02_25_09_48_54_704
-0.7246273	-0.07988174	1.9525385	1	2015_02_25_09_48_54_721
-0.7245889	-0.07985794	1.9525743	1	2015_02_25_09_48_54_737
-0.7245889	-0.07985794	1.9525743	1	2015_02_25_09_48_54_754
-0.7243076	-0.07968967	1.9531497	1	2015_02_25_09_48_54_770
-0.7243076	-0.07968967	1.9531497	1	2015_02_25_09_48_54_787
-0.72335505	-0.07968174	1.9536896	1	2015_02_25_09_48_54_804
-0.72335505	-0.07968174	1.9536896	1	2015_02_25_09_48_54_821
-0.72231364	-0.07941046	1.9547402	1	2015_02_25_09_48_54_837
-0.72231364	-0.07941046	1.9547402	1	2015_02_25_09_48_54_855
-0.72104114	-0.079293564	1.9550312	1	2015_02_25_09_48_54_871
-0.72104114	-0.079293564	1.9550312	1	2015_02_25_09_48_54_887
-0.7202506	-0.079803176	1.9558073	1	2015_02_25_09_48_54_904
-0.7202506	-0.079803176	1.9558073	1	2015_02_25_09_48_54_921
-0.72011447	-0.0797624	1.9561238	1	2015_02_25_09_48_54_937
-0.72011447	-0.0797624	1.9561238	1	2015_02_25_09_48_54_954
-0.72005576	-0.0799025	1.9563329	1	2015_02_25_09_48_54_973
-0.72005576	-0.0799025	1.9563329	1	2015_02_25_09_48_54_988
-0.71980953	-0.08011964	1.956994	1	2015_02_25_09_48_55_005
-0.71980953	-0.08011964	1.956994	1	2015_02_25_09_48_55_022
-0.71956027	-0.08037377	1.9572277	1	2015_02_25_09_48_55_038
-0.71956027	-0.08037377	1.9572277	1	2015_02_25_09_48_55_055
-0.71907777	-0.08035909	1.9574642	1	2015_02_25_09_48_55_071
-0.71907777	-0.08035909	1.9574642	1	2015_02_25_09_48_55_088
-0.7187592	-0.08072201	1.957829	1	2015_02_25_09_48_55_105
-0.7187592	-0.08072201	1.957829	1	2015_02_25_09_48_55_121
-0.7187357	-0.080858625	1.9579061	1	2015_02_25_09_48_55_138
-0.7187357	-0.080858625	1.9579061	1	2015_02_25_09_48_55_155
-0.7187324	-0.08086193	1.9579128	1	2015_02_25_09_48_55_171
-0.7187324	-0.08086193	1.9579128	1	2015_02_25_09_48_55_188
-0.7187352	-0.080861196	1.9579154	1	2015_02_25_09_48_55_205
-0.7187352	-0.080861196	1.9579154	1	2015_02_25_09_48_55_221
-0.71873707	-0.0808796	1.9578846	1	2015_02_25_09_48_55_238
-0.71873707	-0.0808796	1.9578846	1	2015_02_25_09_48_55_254
-0.71833724	-0.0810968	1.9578456	1	2015_02_25_09_48_55_272
-0.71833724	-0.0810968	1.9578456	1	2015_02_25_09_48_55_288
-0.71824217	-0.08108939	1.9578103	1	2015_02_25_09_48_55_305
-0.71824217	-0.08108939	1.9578103	1	2015_02_25_09_48_55_321
-0.7181434	-0.08124292	1.9576751	1	2015_02_25_09_48_55_338
-0.7181434	-0.08124292	1.9576751	1	2015_02_25_09_48_55_355
-0.7180449	-0.08124035	1.9573498	1	2015_02_25_09_48_55_373
-0.7180449	-0.08124035	1.9573498	1	2015_02_25_09_48_55_388
-0.71718395	-0.08172213	1.9567266	1	2015_02_25_09_48_55_406
-0.71718395	-0.08172213	1.9567266	1	2015_02_25_09_48_55_423
-0.71718395	-0.08172213	1.9567266	1	2015_02_25_09_48_55_440
-0.71718395	-0.08172213	1.9567266	1	2015_02_25_09_48_55_455
-0.71716	-0.081610836	1.9564999	1	2015_02_25_09_48_55_472
-0.71716	-0.081610836	1.9564999	1	2015_02_25_09_48_55_489
-0.716741	-0.08159129	1.9562457	1	2015_02_25_09_48_55_506
-0.716741	-0.08159129	1.9562457	1	2015_02_25_09_48_55_522
-0.71625286	-0.0815599	1.9560523	1	2015_02_25_09_48_55_540
-0.71625286	-0.0815599	1.9560523	1	2015_02_25_09_48_55_555
-0.7154264	-0.08103821	1.9558474	1	2015_02_25_09_48_55_572
-0.7154264	-0.08103821	1.9558474	1	2015_02_25_09_48_55_589
-0.7149754	-0.08102884	1.9557822	1	2015_02_25_09_48_55_606
-0.7149754	-0.08102884	1.9557822	1	2015_02_25_09_48_55_622
-0.71349955	-0.081375174	1.9550725	1	2015_02_25_09_48_55_641
-0.71349955	-0.081375174	1.9550725	1	2015_02_25_09_48_55_656
-0.7135852	-0.08147162	1.9546789	1	2015_02_25_09_48_55_673
-0.7135852	-0.08147162	1.9546789	1	2015_02_25_09_48_55_690
-0.7124265	-0.08091991	1.9547423	1	2015_02_25_09_48_55_706
-0.7124265	-0.08091991	1.9547423	1	2015_02_25_09_48_55_723
-0.7124099	-0.080917574	1.9547744	1	2015_02_25_09_48_55_740
-0.7124099	-0.080917574	1.9547744	1	2015_02_25_09_48_55_756
-0.7104051	-0.08130374	1.9535538	1	2015_02_25_09_48_55_773
-0.7104051	-0.08130374	1.9535538	1	2015_02_25_09_48_55_789
-0.7103027	-0.081470415	1.9534417	1	2015_02_25_09_48_55_807
-0.7103027	-0.081470415	1.9534417	1	2015_02_25_09_48_55_824
-0.7098526	-0.08188473	1.953141	1	2015_02_25_09_48_55_840
-0.7098526	-0.08188473	1.953141	1	2015_02_25_09_48_55_857
-0.70987546	-0.081930384	1.9531173	1	2015_02_25_09_48_55_873
-0.70987546	-0.081930384	1.9531173	1	2015_02_25_09_48_55_890
-0.7103966	-0.081744276	1.9532225	1	2015_02_25_09_48_55_907
-0.7103966	-0.081744276	1.9532225	1	2015_02_25_09_48_55_924
-0.71089447	-0.0818733	1.9528475	1	2015_02_25_09_48_55_941
-0.71089447	-0.0818733	1.9528475	1	2015_02_25_09_48_55_957
-0.7109247	-0.08206802	1.9528033	1	2015_02_25_09_48_55_974
-0.7109247	-0.08206802	1.9528033	1	2015_02_25_09_48_55_991
-0.71140635	-0.08210492	1.9528704	1	2015_02_25_09_48_56_007
-0.71140635	-0.08210492	1.9528704	1	2015_02_25_09_48_56_024
-0.71209735	-0.08218595	1.9525557	1	2015_02_25_09_48_56_040
-0.71209735	-0.08218595	1.9525557	1	2015_02_25_09_48_56_057
-0.71535444	-0.081998944	1.9513797	1	2015_02_25_09_48_56_074
-0.71535444	-0.081998944	1.9513797	1	2015_02_25_09_48_56_092
-0.71520376	-0.08217708	1.9513997	1	2015_02_25_09_48_56_108
-0.71520376	-0.08217708	1.9513997	1	2015_02_25_09_48_56_125
-0.71557426	-0.08213731	1.9513161	1	2015_02_25_09_48_56_141
-0.71557426	-0.08213731	1.9513161	1	2015_02_25_09_48_56_158
-0.71576446	-0.082443245	1.9513429	1	2015_02_25_09_48_56_176
-0.71576446	-0.082443245	1.9513429	1	2015_02_25_09_48_56_192
-0.71576446	-0.082443245	1.9513429	1	2015_02_25_09_48_56_209
-0.7158768	-0.08247051	1.9512773	1	2015_02_25_09_48_56_225
-0.71601844	-0.082530364	1.951261	1	2015_02_25_09_48_56_243
-0.71601844	-0.082530364	1.951261	1	2015_02_25_09_48_56_258
-0.71601844	-0.082530364	1.951261	1	2015_02_25_09_48_56_275
-0.71601844	-0.082530364	1.951261	1	2015_02_25_09_48_56_291
-0.71601844	-0.082530364	1.951261	1	2015_02_25_09_48_56_308
-0.71601844	-0.082530364	1.951261	1	2015_02_25_09_48_56_326
-0.71601844	-0.082530364	1.951261	1	2015_02_25_09_48_56_343
-0.7162865	-0.08283821	1.950183	1	2015_02_25_09_48_56_359
-0.7162865	-0.08283821	1.950183	1	2015_02_25_09_48_56_377
-0.7162982	-0.0829218	1.9500347	1	2015_02_25_09_48_56_392
-0.71628875	-0.08282644	1.9499418	1	2015_02_25_09_48_56_409
-0.71628875	-0.08282644	1.9499418	1	2015_02_25_09_48_56_425
-0.71628875	-0.08282644	1.9499418	1	2015_02_25_09_48_56_442
-0.71628875	-0.08282644	1.9499418	1	2015_02_25_09_48_56_460
-0.71601856	-0.08260487	1.9491768	1	2015_02_25_09_48_56_476
-0.71601856	-0.08260487	1.9491768	1	2015_02_25_09_48_56_494
-0.7143859	-0.081642285	1.9489095	1	2015_02_25_09_48_56_510
-0.7143859	-0.081642285	1.9489095	1	2015_02_25_09_48_56_526
-0.7143859	-0.081642285	1.9489095	1	2015_02_25_09_48_56_543
-0.7143859	-0.081642285	1.9489095	1	2015_02_25_09_48_56_560
-0.71347404	-0.08134029	1.9484688	1	2015_02_25_09_48_56_578
-0.71347404	-0.08134029	1.9484688	1	2015_02_25_09_48_56_592
-0.71347404	-0.08134029	1.9484688	1	2015_02_25_09_48_56_610
-0.71385604	-0.08140271	1.9482037	1	2015_02_25_09_48_56_626
-0.7136735	-0.08154833	1.948075	1	2015_02_25_09_48_56_644
-0.7136735	-0.08154833	1.948075	1	2015_02_25_09_48_56_659
-0.7136735	-0.08154833	1.948075	1	2015_02_25_09_48_56_676
-0.7136735	-0.08154833	1.948075	1	2015_02_25_09_48_56_693
-0.71141064	-0.08131454	1.9471872	1	2015_02_25_09_48_56_710
-0.71141064	-0.08131454	1.9471872	1	2015_02_25_09_48_56_726
-0.7112334	-0.08124858	1.9471596	1	2015_02_25_09_48_56_743
-0.7112334	-0.08124858	1.9471596	1	2015_02_25_09_48_56_761
-0.711593	-0.08115837	1.9468894	1	2015_02_25_09_48_56_775
-0.711593	-0.08115837	1.9468894	1	2015_02_25_09_48_56_792
-0.7124018	-0.08088728	1.9462394	1	2015_02_25_09_48_56_811
-0.7124018	-0.08088728	1.9462394	1	2015_02_25_09_48_56_827
-0.7137002	-0.08102404	1.9463736	1	2015_02_25_09_48_56_845
-0.7137002	-0.08102404	1.9463736	1	2015_02_25_09_48_56_860
-0.7136617	-0.08109537	1.9462385	1	2015_02_25_09_48_56_877
-0.7136617	-0.08109537	1.9462385	1	2015_02_25_09_48_56_893
-0.7136617	-0.08109537	1.9462385	1	2015_02_25_09_48_56_910
-0.7136617	-0.08109537	1.9462385	1	2015_02_25_09_48_56_927
-0.71353424	-0.081094064	1.9461713	1	2015_02_25_09_48_56_944
-0.71353424	-0.081094064	1.9461713	1	2015_02_25_09_48_56_962
-0.71320176	-0.08124492	1.9460828	1	2015_02_25_09_48_56_978
-0.71320176	-0.08124492	1.9460828	1	2015_02_25_09_48_56_997
-0.71312904	-0.081421524	1.9459138	1	2015_02_25_09_48_57_011
-0.71312904	-0.081421524	1.9459138	1	2015_02_25_09_48_57_028
-0.713022	-0.08143338	1.9458554	1	2015_02_25_09_48_57_045
-0.713022	-0.08143338	1.9458554	1	2015_02_25_09_48_57_061
-0.71281385	-0.08177981	1.9454018	1	2015_02_25_09_48_57_078
-0.71281385	-0.08177981	1.9454018	1	2015_02_25_09_48_57_096
-0.7116123	-0.0819769	1.9449048	1	2015_02_25_09_48_57_111
-0.7116123	-0.0819769	1.9449048	1	2015_02_25_09_48_57_128
-0.7114801	-0.082031354	1.9446117	1	2015_02_25_09_48_57_145
-0.7114801	-0.082031354	1.9446117	1	2015_02_25_09_48_57_161
-0.7114801	-0.082031354	1.9446117	1	2015_02_25_09_48_57_178
-0.7114801	-0.082031354	1.9446117	1	2015_02_25_09_48_57_195
-0.7114801	-0.082031354	1.9446117	1	2015_02_25_09_48_57_212
-0.7114801	-0.082031354	1.9446117	1	2015_02_25_09_48_57_229
-0.7114801	-0.082031354	1.9446117	1	2015_02_25_09_48_57_245
-0.70995975	-0.08218687	1.9443941	1	2015_02_25_09_48_57_260
-0.70919293	-0.08196212	1.9440058	1	2015_02_25_09_48_57_277
-0.70919293	-0.08196212	1.9440058	1	2015_02_25_09_48_57_294
-0.7089871	-0.081911005	1.9438844	1	2015_02_25_09_48_57_311
-0.7089871	-0.081911005	1.9438844	1	2015_02_25_09_48_57_330
-0.7090431	-0.08197853	1.9436947	1	2015_02_25_09_48_57_344
-0.7090431	-0.08197853	1.9436947	1	2015_02_25_09_48_57_361
-0.7090431	-0.08197853	1.9436947	1	2015_02_25_09_48_57_379
-0.7090431	-0.08197853	1.9436947	1	2015_02_25_09_48_57_395
-0.7090912	-0.08192415	1.9434013	1	2015_02_25_09_48_57_411
-0.7090912	-0.08192415	1.9434013	1	2015_02_25_09_48_57_428
-0.70911914	-0.08197752	1.9429739	1	2015_02_25_09_48_57_444
-0.70911914	-0.08197752	1.9429739	1	2015_02_25_09_48_57_461
-0.7094122	-0.082039125	1.9427706	1	2015_02_25_09_48_57_478
-0.7094122	-0.082039125	1.9427706	1	2015_02_25_09_48_57_496
-0.7094231	-0.08201161	1.9427644	1	2015_02_25_09_48_57_512
-0.7094231	-0.08201161	1.9427644	1	2015_02_25_09_48_57_529
-0.7095527	-0.08143543	1.9428911	1	2015_02_25_09_48_57_544
-0.7095527	-0.08143543	1.9428911	1	2015_02_25_09_48_57_561
-0.7095527	-0.08143543	1.9428911	1	2015_02_25_09_48_57_579
-0.7095527	-0.08143543	1.9428911	1	2015_02_25_09_48_57_596
-0.709673	-0.08130191	1.9430307	1	2015_02_25_09_48_57_613
-0.709673	-0.08130191	1.9430307	1	2015_02_25_09_48_57_628
-0.70950246	-0.08101447	1.9432398	1	2015_02_25_09_48_57_645
-0.70950246	-0.08101447	1.9432398	1	2015_02_25_09_48_57_662
-0.70975083	-0.08110642	1.9435141	1	2015_02_25_09_48_57_677
-0.70975083	-0.08110642	1.9435141	1	2015_02_25_09_48_57_697
-0.7102251	-0.08135376	1.943777	1	2015_02_25_09_48_57_711
-0.7102251	-0.08135376	1.943777	1	2015_02_25_09_48_57_730
-0.7118103	-0.081511706	1.9446373	1	2015_02_25_09_48_57_745
-0.7118103	-0.081511706	1.9446373	1	2015_02_25_09_48_57_762
-0.712949	-0.08174497	1.9448462	1	2015_02_25_09_48_57_778
-0.712949	-0.08174497	1.9448462	1	2015_02_25_09_48_57_797
-0.7129588	-0.08175309	1.9448355	1	2015_02_25_09_48_57_812
-0.7129588	-0.08175309	1.9448355	1	2015_02_25_09_48_57_831
-0.71340585	-0.08186241	1.9451103	1	2015_02_25_09_48_57_844
-0.71340585	-0.08186241	1.9451103	1	2015_02_25_09_48_57_862
-0.71340585	-0.08186241	1.9451103	1	2015_02_25_09_48_57_879
-0.71340585	-0.08186241	1.9451103	1	2015_02_25_09_48_57_895
-0.71329737	-0.081152365	1.9454012	1	2015_02_25_09_48_57_914
-0.71329737	-0.081152365	1.9454012	1	2015_02_25_09_48_57_928
-0.71329737	-0.081152365	1.9454012	1	2015_02_25_09_48_57_946
-0.71368515	-0.08130518	1.9455314	1	2015_02_25_09_48_57_962
-0.71367323	-0.081290886	1.9455435	1	2015_02_25_09_48_57_978
-0.71367323	-0.081290886	1.9455435	1	2015_02_25_09_48_57_996
-0.7136597	-0.08128771	1.9455509	1	2015_02_25_09_48_58_011
-0.7136597	-0.08128771	1.9455509	1	2015_02_25_09_48_58_030
-0.7128731	-0.081047885	1.9453644	1	2015_02_25_09_48_58_047
-0.7128731	-0.081047885	1.9453644	1	2015_02_25_09_48_58_066
-0.7136375	-0.08068316	1.9453834	1	2015_02_25_09_48_58_080
-0.7136375	-0.08068316	1.9453834	1	2015_02_25_09_48_58_098
-0.71044415	-0.07897571	1.9451976	1	2015_02_25_09_48_58_114
-0.71044415	-0.07897571	1.9451976	1	2015_02_25_09_48_58_132
-0.7084941	-0.0781187	1.9447786	1	2015_02_25_09_48_58_147
-0.7084941	-0.0781187	1.9447786	1	2015_02_25_09_48_58_163
-0.7084941	-0.0781187	1.9447786	1	2015_02_25_09_48_58_180
-0.70576763	-0.07691349	1.9440807	1	2015_02_25_09_48_58_197
-0.70576763	-0.07691349	1.9440807	1	2015_02_25_09_48_58_213
-0.70576763	-0.07691349	1.9440807	1	2015_02_25_09_48_58_230
-0.7053622	-0.07746033	1.9437561	1	2015_02_25_09_48_58_247
-0.7053622	-0.07746033	1.9437561	1	2015_02_25_09_48_58_263
-0.705133	-0.07769349	1.9437368	1	2015_02_25_09_48_58_279
-0.705133	-0.07769349	1.9437368	1	2015_02_25_09_48_58_296
-0.70526475	-0.07816535	1.9432801	1	2015_02_25_09_48_58_314
-0.70526475	-0.07816535	1.9432801	1	2015_02_25_09_48_58_330
-0.7052607	-0.07819602	1.9432595	1	2015_02_25_09_48_58_346
-0.7052607	-0.07819602	1.9432595	1	2015_02_25_09_48_58_364
-0.7052607	-0.07819602	1.9432595	1	2015_02_25_09_48_58_381
-0.7052607	-0.07819602	1.9432595	1	2015_02_25_09_48_58_398
-0.7052607	-0.07819602	1.9432595	1	2015_02_25_09_48_58_414
-0.705491	-0.079016745	1.9429498	1	2015_02_25_09_48_58_431
-0.705491	-0.079016745	1.9429498	1	2015_02_25_09_48_58_448
-0.705491	-0.079016745	1.9429498	1	2015_02_25_09_48_58_464
-0.705491	-0.079016745	1.9429498	1	2015_02_25_09_48_58_481
-0.70549583	-0.07914283	1.9428949	1	2015_02_25_09_48_58_499
-0.70549583	-0.07914283	1.9428949	1	2015_02_25_09_48_58_515
-0.70553607	-0.07944166	1.942781	1	2015_02_25_09_48_58_532
-0.70553607	-0.07944166	1.942781	1	2015_02_25_09_48_58_548
-0.705497	-0.079932086	1.9428269	1	2015_02_25_09_48_58_564
-0.705497	-0.079932086	1.9428269	1	2015_02_25_09_48_58_580
-0.705497	-0.079932086	1.9428269	1	2015_02_25_09_48_58_598
-0.704845	-0.08072027	1.9428415	1	2015_02_25_09_48_58_613
-0.704845	-0.08072027	1.9428415	1	2015_02_25_09_48_58_631
-0.704845	-0.08072027	1.9428415	1	2015_02_25_09_48_58_648
-0.704845	-0.08072027	1.9428415	1	2015_02_25_09_48_58_665
-0.70427597	-0.08109318	1.9429199	1	2015_02_25_09_48_58_681
-0.70427597	-0.08109318	1.9429199	1	2015_02_25_09_48_58_698
-0.7042903	-0.081176765	1.9428931	1	2015_02_25_09_48_58_714
-0.7042903	-0.081176765	1.9428931	1	2015_02_25_09_48_58_731
-0.7042903	-0.081176765	1.9428931	1	2015_02_25_09_48_58_749
-0.7042903	-0.081176765	1.9428931	1	2015_02_25_09_48_58_765
-0.7050802	-0.08202762	1.9430034	1	2015_02_25_09_48_58_782
-0.7050802	-0.08202762	1.9430034	1	2015_02_25_09_48_58_797
-0.7051112	-0.082200564	1.943064	1	2015_02_25_09_48_58_814
-0.7051112	-0.082200564	1.943064	1	2015_02_25_09_48_58_831
-0.70499736	-0.08236724	1.9431612	1	2015_02_25_09_48_58_847
-0.70499736	-0.08236724	1.9431612	1	2015_02_25_09_48_58_864
-0.70499736	-0.08236724	1.9431612	1	2015_02_25_09_48_58_881
-0.70499736	-0.08236724	1.9431612	1	2015_02_25_09_48_58_897
-0.70616996	-0.08229385	1.9432863	1	2015_02_25_09_48_58_914
-0.70616996	-0.08229385	1.9432863	1	2015_02_25_09_48_58_932
-0.70616996	-0.08229385	1.9432863	1	2015_02_25_09_48_58_949
-0.706157	-0.08232417	1.943297	1	2015_02_25_09_48_58_965
-0.7059647	-0.08246793	1.9433168	1	2015_02_25_09_48_58_983
-0.7059647	-0.08246793	1.9433168	1	2015_02_25_09_48_59_000
-0.70575666	-0.082353175	1.9433784	1	2015_02_25_09_48_59_015
-0.70575666	-0.082353175	1.9433784	1	2015_02_25_09_48_59_032
-0.70575666	-0.082353175	1.9433784	1	2015_02_25_09_48_59_049
-0.70575666	-0.082353175	1.9433784	1	2015_02_25_09_48_59_066
-0.70540714	-0.08247652	1.9434593	1	2015_02_25_09_48_59_082
-0.70540714	-0.08247652	1.9434593	1	2015_02_25_09_48_59_098
-0.70540714	-0.08247652	1.9434593	1	2015_02_25_09_48_59_115
-0.70540714	-0.08247652	1.9434593	1	2015_02_25_09_48_59_133
-0.7053263	-0.08245897	1.9434295	1	2015_02_25_09_48_59_148
-0.7053263	-0.08245897	1.9434295	1	2015_02_25_09_48_59_165
-0.7053263	-0.08245897	1.9434295	1	2015_02_25_09_48_59_181
-0.7053263	-0.08245897	1.9434295	1	2015_02_25_09_48_59_200
-0.7058596	-0.08212538	1.9435651	1	2015_02_25_09_48_59_217
-0.7058596	-0.08212538	1.9435651	1	2015_02_25_09_48_59_234
-0.7058596	-0.08212538	1.9435651	1	2015_02_25_09_48_59_251
-0.706015	-0.082292505	1.9438009	1	2015_02_25_09_48_59_267
-0.7067308	-0.082894705	1.9435776	1	2015_02_25_09_48_59_283
-0.7067308	-0.082894705	1.9435776	1	2015_02_25_09_48_59_300
-0.7067308	-0.082894705	1.9435776	1	2015_02_25_09_48_59_316
-0.7067308	-0.082894705	1.9435776	1	2015_02_25_09_48_59_333
-0.7072627	-0.082736194	1.9435139	1	2015_02_25_09_48_59_349
-0.7072627	-0.082736194	1.9435139	1	2015_02_25_09_48_59_366
-0.7072627	-0.082736194	1.9435139	1	2015_02_25_09_48_59_383
-0.7071901	-0.08274869	1.9436651	1	2015_02_25_09_48_59_400
-0.7071901	-0.08274869	1.9436651	1	2015_02_25_09_48_59_416
-0.707059	-0.082368016	1.943787	1	2015_02_25_09_48_59_433
-0.707059	-0.082368016	1.943787	1	2015_02_25_09_48_59_450
-0.7078549	-0.08262838	1.9437011	1	2015_02_25_09_48_59_468
-0.7078549	-0.08262838	1.9437011	1	2015_02_25_09_48_59_483
-0.7078549	-0.08262838	1.9437011	1	2015_02_25_09_48_59_501
-0.707886	-0.08266635	1.9437234	1	2015_02_25_09_48_59_519
-0.707886	-0.08266635	1.9437234	1	2015_02_25_09_48_59_536
-0.70795536	-0.082668535	1.9437388	1	2015_02_25_09_48_59_551
-0.7091074	-0.08291459	1.9440253	1	2015_02_25_09_48_59_567
-0.7091074	-0.08291459	1.9440253	1	2015_02_25_09_48_59_583
-0.7093185	-0.083010525	1.9439942	1	2015_02_25_09_48_59_602
-0.7093185	-0.083010525	1.9439942	1	2015_02_25_09_48_59_618
-0.7099342	-0.083293326	1.9440994	1	2015_02_25_09_48_59_635
-0.7099342	-0.083293326	1.9440994	1	2015_02_25_09_48_59_651
-0.71023315	-0.083537646	1.9443067	1	2015_02_25_09_48_59_668
-0.71023315	-0.083537646	1.9443067	1	2015_02_25_09_48_59_684
-0.71023315	-0.083537646	1.9443067	1	2015_02_25_09_48_59_701
-0.71015537	-0.08377038	1.944246	1	2015_02_25_09_48_59_719
-0.71015537	-0.08377038	1.944246	1	2015_02_25_09_48_59_733
-0.71015537	-0.08377038	1.944246	1	2015_02_25_09_48_59_751
-0.71022385	-0.08375901	1.9441183	1	2015_02_25_09_48_59_768
-0.71057427	-0.083824985	1.9440677	1	2015_02_25_09_48_59_784
-0.7105713	-0.08382631	1.9440646	1	2015_02_25_09_48_59_801
-0.7105713	-0.08382631	1.9440646	1	2015_02_25_09_48_59_817
-0.71044517	-0.08381883	1.9440086	1	2015_02_25_09_48_59_835
-0.71044517	-0.08381883	1.9440086	1	2015_02_25_09_48_59_851
-0.7103579	-0.08389286	1.9439964	1	2015_02_25_09_48_59_868
-0.7103579	-0.08389286	1.9439964	1	2015_02_25_09_48_59_884
-0.7096709	-0.08370138	1.943866	1	2015_02_25_09_48_59_900
-0.7096709	-0.08370138	1.943866	1	2015_02_25_09_48_59_918
-0.7094619	-0.08361801	1.9437462	1	2015_02_25_09_48_59_935
-0.7094619	-0.08361801	1.9437462	1	2015_02_25_09_48_59_950
-0.7094619	-0.08361801	1.9437462	1	2015_02_25_09_48_59_967
-0.709469	-0.083644725	1.9437819	1	2015_02_25_09_48_59_983
-0.7101269	-0.08322233	1.9440256	1	2015_02_25_09_49_00_001
-0.7101269	-0.08322233	1.9440256	1	2015_02_25_09_49_00_019
-0.70981884	-0.08309603	1.9439328	1	2015_02_25_09_49_00_035
-0.70981884	-0.08309603	1.9439328	1	2015_02_25_09_49_00_053
-0.70996064	-0.08311458	1.9438372	1	2015_02_25_09_49_00_069
-0.70996064	-0.08311458	1.9438372	1	2015_02_25_09_49_00_085
-0.70996064	-0.08311458	1.9438372	1	2015_02_25_09_49_00_102
-0.70996064	-0.08311458	1.9438372	1	2015_02_25_09_49_00_119
-0.70996064	-0.08311458	1.9438372	1	2015_02_25_09_49_00_136
-0.71018016	-0.08316893	1.9439468	1	2015_02_25_09_49_00_152
-0.71018016	-0.08316893	1.9439468	1	2015_02_25_09_49_00_168
-0.710208	-0.08319545	1.9438215	1	2015_02_25_09_49_00_185
-0.7099446	-0.083061285	1.9438225	1	2015_02_25_09_49_00_201
-0.7099446	-0.083061285	1.9438225	1	2015_02_25_09_49_00_219
-0.7099446	-0.083061285	1.9438225	1	2015_02_25_09_49_00_236
-0.71021104	-0.08321526	1.9439442	1	2015_02_25_09_49_00_252
-0.71021104	-0.08321526	1.9439442	1	2015_02_25_09_49_00_269
-0.7101119	-0.08318826	1.9439461	1	2015_02_25_09_49_00_285
-0.7104557	-0.08321878	1.9440079	1	2015_02_25_09_49_00_302
-0.7104557	-0.08321878	1.9440079	1	2015_02_25_09_49_00_319
-0.71010727	-0.08313805	1.9439284	1	2015_02_25_09_49_00_335
-0.71010727	-0.08313805	1.9439284	1	2015_02_25_09_49_00_352
-0.71010727	-0.08313805	1.9439284	1	2015_02_25_09_49_00_368
-0.71010727	-0.08313805	1.9439284	1	2015_02_25_09_49_00_385
-0.71010727	-0.08313805	1.9439284	1	2015_02_25_09_49_00_404
-0.71010727	-0.08313805	1.9439284	1	2015_02_25_09_49_00_420
-0.71010727	-0.08313805	1.9439284	1	2015_02_25_09_49_00_437
-0.710142	-0.0831426	1.943935	1	2015_02_25_09_49_00_453
-0.710142	-0.0831426	1.943935	1	2015_02_25_09_49_00_470
-0.7103536	-0.08323174	1.9436802	1	2015_02_25_09_49_00_486
-0.7103982	-0.08326591	1.9436829	1	2015_02_25_09_49_00_501
-0.7103982	-0.08326591	1.9436829	1	2015_02_25_09_49_00_520
-0.7103982	-0.08326591	1.9436829	1	2015_02_25_09_49_00_537
-0.7104162	-0.08326791	1.9436836	1	2015_02_25_09_49_00_553
-0.7104162	-0.08326791	1.9436836	1	2015_02_25_09_49_00_570
-0.71042466	-0.08329762	1.9437379	1	2015_02_25_09_49_00_586
-0.71050435	-0.0832578	1.9437959	1	2015_02_25_09_49_00_604
-0.71050435	-0.0832578	1.9437959	1	2015_02_25_09_49_00_619
-0.7104967	-0.08329467	1.9438069	1	2015_02_25_09_49_00_635
-0.7104967	-0.08329467	1.9438069	1	2015_02_25_09_49_00_653
-0.71053755	-0.083360925	1.9439721	1	2015_02_25_09_49_00_670
-0.71053755	-0.083360925	1.9439721	1	2015_02_25_09_49_00_687
-0.71053755	-0.083360925	1.9439721	1	2015_02_25_09_49_00_704
-0.7104281	-0.08344079	1.9439985	1	2015_02_25_09_49_00_722
-0.7104281	-0.08344079	1.9439985	1	2015_02_25_09_49_00_739
-0.7104325	-0.08348664	1.9440589	1	2015_02_25_09_49_00_755
-0.71040213	-0.08359349	1.9441072	1	2015_02_25_09_49_00_770
-0.71040213	-0.08359349	1.9441072	1	2015_02_25_09_49_00_788
-0.71040213	-0.08359349	1.9441072	1	2015_02_25_09_49_00_805
-0.71040213	-0.08359349	1.9441072	1	2015_02_25_09_49_00_821
-0.71040213	-0.08359349	1.9441072	1	2015_02_25_09_49_00_838
-0.71010494	-0.083412856	1.944246	1	2015_02_25_09_49_00_854
-0.71010494	-0.083412856	1.944246	1	2015_02_25_09_49_00_871
-0.7097563	-0.08340919	1.9443239	1	2015_02_25_09_49_00_888
-0.7097493	-0.08340741	1.9443164	1	2015_02_25_09_49_00_904
-0.7097493	-0.08340741	1.9443164	1	2015_02_25_09_49_00_922
-0.7097493	-0.08340741	1.9443164	1	2015_02_25_09_49_00_937
-0.7097493	-0.08340741	1.9443164	1	2015_02_25_09_49_00_955
-0.70973146	-0.08343768	1.944339	1	2015_02_25_09_49_00_971
-0.70973146	-0.08343768	1.944339	1	2015_02_25_09_49_00_988
-0.7097436	-0.08351066	1.9444973	1	2015_02_25_09_49_01_005
-0.7097436	-0.08351066	1.9444973	1	2015_02_25_09_49_01_022
-0.7097436	-0.08351066	1.9444973	1	2015_02_25_09_49_01_039
-0.70972514	-0.0835746	1.9445585	1	2015_02_25_09_49_01_055
-0.70972514	-0.0835746	1.9445585	1	2015_02_25_09_49_01_073
-0.70971894	-0.08360263	1.9445264	1	2015_02_25_09_49_01_088
-0.70971894	-0.08360263	1.9445264	1	2015_02_25_09_49_01_104
-0.7097319	-0.08359236	1.9445399	1	2015_02_25_09_49_01_121
-0.7093345	-0.08363737	1.9448147	1	2015_02_25_09_49_01_137
-0.7093345	-0.08363737	1.9448147	1	2015_02_25_09_49_01_155
-0.70922375	-0.08356035	1.9448105	1	2015_02_25_09_49_01_171
-0.70922375	-0.08356035	1.9448105	1	2015_02_25_09_49_01_187
-0.7091896	-0.08355105	1.9448819	1	2015_02_25_09_49_01_204
-0.7091896	-0.08355105	1.9448819	1	2015_02_25_09_49_01_222
-0.7090744	-0.08354828	1.9450147	1	2015_02_25_09_49_01_238
-0.7090744	-0.08354828	1.9450147	1	2015_02_25_09_49_01_255
-0.7090744	-0.08354828	1.9450147	1	2015_02_25_09_49_01_272
-0.7089819	-0.08355158	1.945049	1	2015_02_25_09_49_01_287
-0.7089819	-0.08355158	1.945049	1	2015_02_25_09_49_01_304
-0.70898294	-0.08353701	1.9450746	1	2015_02_25_09_49_01_322
-0.70898294	-0.08353701	1.9450746	1	2015_02_25_09_49_01_337
-0.7089839	-0.08355318	1.9450997	1	2015_02_25_09_49_01_354
-0.7089839	-0.08355318	1.9450997	1	2015_02_25_09_49_01_371
-0.70898366	-0.083462365	1.9451833	1	2015_02_25_09_49_01_387
-0.70935863	-0.083465256	1.9452704	1	2015_02_25_09_49_01_404
-0.70935863	-0.083465256	1.9452704	1	2015_02_25_09_49_01_423
-0.70935863	-0.083465256	1.9452704	1	2015_02_25_09_49_01_439
-0.70935863	-0.083465256	1.9452704	1	2015_02_25_09_49_01_456
-0.70935863	-0.083465256	1.9452704	1	2015_02_25_09_49_01_472
-0.70935863	-0.083465256	1.9452704	1	2015_02_25_09_49_01_489
-0.70941466	-0.08350857	1.9453535	1	2015_02_25_09_49_01_507
-0.70941466	-0.08350857	1.9453535	1	2015_02_25_09_49_01_522
-0.70980984	-0.0836835	1.9458498	1	2015_02_25_09_49_01_538
-0.71062464	-0.08349688	1.9462492	1	2015_02_25_09_49_01_556
-0.71062464	-0.08349688	1.9462492	1	2015_02_25_09_49_01_574
-0.71058446	-0.083522744	1.9463202	1	2015_02_25_09_49_01_588
-0.7105637	-0.08340375	1.9463935	1	2015_02_25_09_49_01_605
-0.7105637	-0.08340375	1.9463935	1	2015_02_25_09_49_01_622
-0.7103572	-0.08320846	1.9464587	1	2015_02_25_09_49_01_638
-0.7103572	-0.08320846	1.9464587	1	2015_02_25_09_49_01_654
-0.7103572	-0.08320846	1.9464587	1	2015_02_25_09_49_01_672
-0.7103572	-0.08320846	1.9464587	1	2015_02_25_09_49_01_690
-0.7103572	-0.08320846	1.9464587	1	2015_02_25_09_49_01_706
-0.71040636	-0.08320876	1.9467204	1	2015_02_25_09_49_01_722
-0.71040636	-0.08320876	1.9467204	1	2015_02_25_09_49_01_740
-0.7106423	-0.08296524	1.947117	1	2015_02_25_09_49_01_756
-0.7106423	-0.08296524	1.947117	1	2015_02_25_09_49_01_772
-0.70991737	-0.08299956	1.9477135	1	2015_02_25_09_49_01_788
-0.70976126	-0.0829993	1.9478675	1	2015_02_25_09_49_01_805
-0.70976126	-0.0829993	1.9478675	1	2015_02_25_09_49_01_822
-0.71009487	-0.083002776	1.9480959	1	2015_02_25_09_49_01_840
-0.71009487	-0.083002776	1.9480959	1	2015_02_25_09_49_01_855
-0.71102065	-0.08320797	1.9481905	1	2015_02_25_09_49_01_872
-0.71102065	-0.08320797	1.9481905	1	2015_02_25_09_49_01_888
-0.71033335	-0.08299684	1.9480127	1	2015_02_25_09_49_01_905
-0.71033335	-0.08299684	1.9480127	1	2015_02_25_09_49_01_921
-0.7102323	-0.08294862	1.9480156	1	2015_02_25_09_49_01_938
-0.7102323	-0.08294862	1.9480156	1	2015_02_25_09_49_01_954
-0.7100002	-0.0828685	1.948015	1	2015_02_25_09_49_01_972
-0.7100002	-0.0828685	1.948015	1	2015_02_25_09_49_01_988
-0.7096951	-0.08271	1.9481037	1	2015_02_25_09_49_02_005
-0.7096951	-0.08271	1.9481037	1	2015_02_25_09_49_02_023
-0.7096951	-0.08271	1.9481037	1	2015_02_25_09_49_02_041
-0.70931023	-0.082529075	1.9484603	1	2015_02_25_09_49_02_057
-0.7092375	-0.08242303	1.9485308	1	2015_02_25_09_49_02_074
-0.7092375	-0.08242303	1.9485308	1	2015_02_25_09_49_02_092
-0.7091582	-0.08233968	1.9487002	1	2015_02_25_09_49_02_108
-0.7091582	-0.08233968	1.9487002	1	2015_02_25_09_49_02_124
-0.7091268	-0.08238713	1.9487269	1	2015_02_25_09_49_02_140
-0.7091268	-0.08238713	1.9487269	1	2015_02_25_09_49_02_157
-0.70909035	-0.08245016	1.9489652	1	2015_02_25_09_49_02_173
-0.70909035	-0.08245016	1.9489652	1	2015_02_25_09_49_02_190
-0.70922214	-0.08247317	1.9491646	1	2015_02_25_09_49_02_207
-0.70922214	-0.08247317	1.9491646	1	2015_02_25_09_49_02_224
-0.7106091	-0.083079085	1.9495741	1	2015_02_25_09_49_02_242
-0.7106091	-0.083079085	1.9495741	1	2015_02_25_09_49_02_259
-0.7106091	-0.083079085	1.9495741	1	2015_02_25_09_49_02_274
-0.71076924	-0.08304319	1.9496403	1	2015_02_25_09_49_02_290
-0.71092665	-0.08297701	1.9498316	1	2015_02_25_09_49_02_307
-0.71092665	-0.08297701	1.9498316	1	2015_02_25_09_49_02_322
-0.71092665	-0.08297701	1.9498316	1	2015_02_25_09_49_02_340
-0.71092665	-0.08297701	1.9498316	1	2015_02_25_09_49_02_356
-0.71104074	-0.083170176	1.9498587	1	2015_02_25_09_49_02_373
-0.71104074	-0.083170176	1.9498587	1	2015_02_25_09_49_02_389
-0.71066886	-0.08311226	1.9499325	1	2015_02_25_09_49_02_406
-0.71066886	-0.08311226	1.9499325	1	2015_02_25_09_49_02_422
-0.71058226	-0.0832268	1.9499447	1	2015_02_25_09_49_02_441
-0.71058226	-0.0832268	1.9499447	1	2015_02_25_09_49_02_457
-0.71059656	-0.083186924	1.9499593	1	2015_02_25_09_49_02_474
-0.71059656	-0.083186924	1.9499593	1	2015_02_25_09_49_02_491
-0.71059656	-0.083186924	1.9499593	1	2015_02_25_09_49_02_510
-0.71060675	-0.083185054	1.9499503	1	2015_02_25_09_49_02_525
-0.71060675	-0.083185054	1.9499503	1	2015_02_25_09_49_02_542
-0.7103341	-0.083002225	1.949684	1	2015_02_25_09_49_02_557
-0.7103341	-0.083002225	1.949684	1	2015_02_25_09_49_02_574
-0.7103341	-0.083002225	1.949684	1	2015_02_25_09_49_02_590
-0.7103147	-0.082977414	1.9496886	1	2015_02_25_09_49_02_608
-0.7103147	-0.082977414	1.9496886	1	2015_02_25_09_49_02_623
-0.71001863	-0.08274299	1.9493504	1	2015_02_25_09_49_02_640
-0.71001863	-0.08274299	1.9493504	1	2015_02_25_09_49_02_656
-0.70987684	-0.08262261	1.9492981	1	2015_02_25_09_49_02_674
-0.70987684	-0.08262261	1.9492981	1	2015_02_25_09_49_02_690
-0.7093373	-0.08237518	1.9490734	1	2015_02_25_09_49_02_707
-0.7093373	-0.08237518	1.9490734	1	2015_02_25_09_49_02_724
-0.7093373	-0.08237518	1.9490734	1	2015_02_25_09_49_02_740
-0.7093373	-0.08237518	1.9490734	1	2015_02_25_09_49_02_758
-0.7093373	-0.08237518	1.9490734	1	2015_02_25_09_49_02_774
-0.7093373	-0.08237518	1.9490734	1	2015_02_25_09_49_02_790
-0.7088346	-0.08192358	1.9487092	1	2015_02_25_09_49_02_808
-0.7088346	-0.08192358	1.9487092	1	2015_02_25_09_49_02_823
-0.70884293	-0.0819385	1.9486837	1	2015_02_25_09_49_02_840
-0.70884293	-0.0819385	1.9486837	1	2015_02_25_09_49_02_857
-0.70819545	-0.08158929	1.9485966	1	2015_02_25_09_49_02_873
-0.70819545	-0.08158929	1.9485966	1	2015_02_25_09_49_02_892
-0.7081825	-0.08154871	1.9485763	1	2015_02_25_09_49_02_906
-0.7081825	-0.08154871	1.9485763	1	2015_02_25_09_49_02_923
-0.7077521	-0.08133399	1.948451	1	2015_02_25_09_49_02_940
-0.7077521	-0.08133399	1.948451	1	2015_02_25_09_49_02_957
-0.70775676	-0.08138235	1.9484295	1	2015_02_25_09_49_02_975
-0.70775676	-0.08138235	1.9484295	1	2015_02_25_09_49_02_991
-0.7076072	-0.081482135	1.9482284	1	2015_02_25_09_49_03_007
-0.7076072	-0.081482135	1.9482284	1	2015_02_25_09_49_03_024
-0.70781887	-0.081572026	1.9481723	1	2015_02_25_09_49_03_040
-0.70781887	-0.081572026	1.9481723	1	2015_02_25_09_49_03_057
-0.7077152	-0.081585295	1.9480697	1	2015_02_25_09_49_03_075
-0.7077152	-0.081585295	1.9480697	1	2015_02_25_09_49_03_090
-0.7077152	-0.081585295	1.9480697	1	2015_02_25_09_49_03_108
-0.7077152	-0.081585295	1.9480697	1	2015_02_25_09_49_03_125
-0.7077152	-0.081585295	1.9480697	1	2015_02_25_09_49_03_142
-0.707308	-0.08175287	1.9477891	1	2015_02_25_09_49_03_158
-0.7069231	-0.08178308	1.947353	1	2015_02_25_09_49_03_175
-0.7069231	-0.08178308	1.947353	1	2015_02_25_09_49_03_191
-0.7069231	-0.08178308	1.947353	1	2015_02_25_09_49_03_208
-0.7069231	-0.08178308	1.947353	1	2015_02_25_09_49_03_226
-0.7069231	-0.08178308	1.947353	1	2015_02_25_09_49_03_243
-0.7066141	-0.08156454	1.9469866	1	2015_02_25_09_49_03_258
-0.70656186	-0.081465624	1.9469318	1	2015_02_25_09_49_03_275
-0.70656186	-0.081465624	1.9469318	1	2015_02_25_09_49_03_291
-0.7063767	-0.081274755	1.9467793	1	2015_02_25_09_49_03_309
-0.7063767	-0.081274755	1.9467793	1	2015_02_25_09_49_03_325
-0.70630383	-0.08110989	1.9466951	1	2015_02_25_09_49_03_342
-0.70630383	-0.08110989	1.9466951	1	2015_02_25_09_49_03_360
-0.7065282	-0.08129289	1.9465815	1	2015_02_25_09_49_03_377
-0.7065282	-0.08129289	1.9465815	1	2015_02_25_09_49_03_394
-0.7056904	-0.08129651	1.9462074	1	2015_02_25_09_49_03_409
-0.7056904	-0.08129651	1.9462074	1	2015_02_25_09_49_03_426
-0.7049861	-0.08141357	1.9461074	1	2015_02_25_09_49_03_443
-0.7049861	-0.08141357	1.9461074	1	2015_02_25_09_49_03_459
-0.70444393	-0.08118098	1.946065	1	2015_02_25_09_49_03_475
-0.70444393	-0.08118098	1.946065	1	2015_02_25_09_49_03_494
-0.7039493	-0.08107864	1.9458222	1	2015_02_25_09_49_03_509
-0.7039493	-0.08107864	1.9458222	1	2015_02_25_09_49_03_525
-0.7039493	-0.08107864	1.9458222	1	2015_02_25_09_49_03_541
-0.7039493	-0.08107864	1.9458222	1	2015_02_25_09_49_03_559
-0.7039732	-0.08060756	1.9458945	1	2015_02_25_09_49_03_576
-0.7039732	-0.08060756	1.9458945	1	2015_02_25_09_49_03_593
-0.70354867	-0.08087273	1.946034	1	2015_02_25_09_49_03_609
-0.70354867	-0.08087273	1.946034	1	2015_02_25_09_49_03_625
-0.70354867	-0.08087273	1.946034	1	2015_02_25_09_49_03_642
-0.70354867	-0.08087273	1.946034	1	2015_02_25_09_49_03_659
-0.70343924	-0.0808124	1.9460919	1	2015_02_25_09_49_03_675
-0.70343924	-0.0808124	1.9460919	1	2015_02_25_09_49_03_693
-0.70343924	-0.0808124	1.9460919	1	2015_02_25_09_49_03_709
-0.70343924	-0.0808124	1.9460919	1	2015_02_25_09_49_03_727
-0.70300114	-0.08107933	1.9454035	1	2015_02_25_09_49_03_742
-0.70300114	-0.08107933	1.9454035	1	2015_02_25_09_49_03_759
-0.70255876	-0.08099168	1.9452848	1	2015_02_25_09_49_03_776
-0.70255876	-0.08099168	1.9452848	1	2015_02_25_09_49_03_792
-0.7020929	-0.07996136	1.9453253	1	2015_02_25_09_49_03_810
-0.7020929	-0.07996136	1.9453253	1	2015_02_25_09_49_03_827
-0.7010015	-0.07929557	1.9453801	1	2015_02_25_09_49_03_842
-0.7010015	-0.07929557	1.9453801	1	2015_02_25_09_49_03_860
-0.69970095	-0.07843658	1.945068	1	2015_02_25_09_49_03_875
-0.69970095	-0.07843658	1.945068	1	2015_02_25_09_49_03_893
-0.69817734	-0.077856705	1.9452443	1	2015_02_25_09_49_03_909
-0.69817734	-0.077856705	1.9452443	1	2015_02_25_09_49_03_927
-0.69637114	-0.0770825	1.9451609	1	2015_02_25_09_49_03_942
-0.69637114	-0.0770825	1.9451609	1	2015_02_25_09_49_03_960
-0.6948427	-0.0771592	1.9449985	1	2015_02_25_09_49_03_976
-0.6948427	-0.0771592	1.9449985	1	2015_02_25_09_49_03_994
-0.69053847	-0.076181754	1.9444667	1	2015_02_25_09_49_04_010
-0.69053847	-0.076181754	1.9444667	1	2015_02_25_09_49_04_028
-0.68713725	-0.075821236	1.9435276	1	2015_02_25_09_49_04_044
-0.68713725	-0.075821236	1.9435276	1	2015_02_25_09_49_04_060
-0.68713725	-0.075821236	1.9435276	1	2015_02_25_09_49_04_078
-0.6834276	-0.07613372	1.9415275	1	2015_02_25_09_49_04_093
-0.67875445	-0.07619153	1.9397633	1	2015_02_25_09_49_04_110
-0.67875445	-0.07619153	1.9397633	1	2015_02_25_09_49_04_129
-0.67301	-0.075951606	1.9375304	1	2015_02_25_09_49_04_145
-0.67301	-0.075951606	1.9375304	1	2015_02_25_09_49_04_161
-0.66905063	-0.07612054	1.9349239	1	2015_02_25_09_49_04_178
-0.66905063	-0.07612054	1.9349239	1	2015_02_25_09_49_04_194
-0.66905063	-0.07612054	1.9349239	1	2015_02_25_09_49_04_213
-0.66417277	-0.07647739	1.9313773	1	2015_02_25_09_49_04_228
-0.66417277	-0.07647739	1.9313773	1	2015_02_25_09_49_04_246
-0.65844655	-0.07699331	1.9263769	1	2015_02_25_09_49_04_261
-0.65844655	-0.07699331	1.9263769	1	2015_02_25_09_49_04_280
-0.65357524	-0.08007468	1.9217397	1	2015_02_25_09_49_04_293
-0.6502558	-0.08109238	1.9166342	1	2015_02_25_09_49_04_311
-0.6502558	-0.08109238	1.9166342	1	2015_02_25_09_49_04_327
-0.6502558	-0.08109238	1.9166342	1	2015_02_25_09_49_04_343
-0.6502558	-0.08109238	1.9166342	1	2015_02_25_09_49_04_362
-0.6451033	-0.083841175	1.9060378	1	2015_02_25_09_49_04_378
-0.6451033	-0.083841175	1.9060378	1	2015_02_25_09_49_04_395
-0.6451033	-0.083841175	1.9060378	1	2015_02_25_09_49_04_412
-0.64112914	-0.08623247	1.8949816	1	2015_02_25_09_49_04_428
-0.6365758	-0.0884736	1.8869201	1	2015_02_25_09_49_04_444
-0.6365758	-0.0884736	1.8869201	1	2015_02_25_09_49_04_461
-0.6321982	-0.08843503	1.8789803	1	2015_02_25_09_49_04_478
-0.6321982	-0.08843503	1.8789803	1	2015_02_25_09_49_04_497
-0.6273077	-0.09051694	1.8677614	1	2015_02_25_09_49_04_512
-0.6273077	-0.09051694	1.8677614	1	2015_02_25_09_49_04_528
-0.62426656	-0.09194334	1.8586545	1	2015_02_25_09_49_04_544
-0.62426656	-0.09194334	1.8586545	1	2015_02_25_09_49_04_562
-0.6202093	-0.09414517	1.8460133	1	2015_02_25_09_49_04_579
-0.6202093	-0.09414517	1.8460133	1	2015_02_25_09_49_04_594
-0.6202093	-0.09414517	1.8460133	1	2015_02_25_09_49_04_613
-0.61625725	-0.09539237	1.8335831	1	2015_02_25_09_49_04_629
-0.61266845	-0.09686154	1.8199737	1	2015_02_25_09_49_04_646
-0.61266845	-0.09686154	1.8199737	1	2015_02_25_09_49_04_663
-0.60869044	-0.09872131	1.803384	1	2015_02_25_09_49_04_679
-0.60869044	-0.09872131	1.803384	1	2015_02_25_09_49_04_695
-0.6060436	-0.09913076	1.7873019	1	2015_02_25_09_49_04_712
-0.6060436	-0.09913076	1.7873019	1	2015_02_25_09_49_04_731
-0.60455036	-0.097609736	1.7703489	1	2015_02_25_09_49_04_745
-0.60455036	-0.097609736	1.7703489	1	2015_02_25_09_49_04_762
-0.6021375	-0.09763258	1.7548777	1	2015_02_25_09_49_04_780
-0.6021375	-0.09763258	1.7548777	1	2015_02_25_09_49_04_798
-0.59897566	-0.0961893	1.7381903	1	2015_02_25_09_49_04_812
-0.59897566	-0.0961893	1.7381903	1	2015_02_25_09_49_04_830
-0.5963801	-0.09458649	1.7181561	1	2015_02_25_09_49_04_845
-0.5963801	-0.09458649	1.7181561	1	2015_02_25_09_49_04_863
-0.59593844	-0.09480707	1.6996287	1	2015_02_25_09_49_04_881
-0.59593844	-0.09480707	1.6996287	1	2015_02_25_09_49_04_895
-0.59305876	-0.096482165	1.6849742	1	2015_02_25_09_49_04_913
-0.59305876	-0.096482165	1.6849742	1	2015_02_25_09_49_04_929
-0.5938079	-0.09998088	1.6675653	1	2015_02_25_09_49_04_945
-0.5938079	-0.09998088	1.6675653	1	2015_02_25_09_49_04_964
-0.58930826	-0.101740114	1.6531085	1	2015_02_25_09_49_04_978
-0.58930826	-0.101740114	1.6531085	1	2015_02_25_09_49_04_997
-0.5886065	-0.10318414	1.6405951	1	2015_02_25_09_49_05_011
-0.5886065	-0.10318414	1.6405951	1	2015_02_25_09_49_05_030
-0.5862284	-0.10272102	1.6298729	1	2015_02_25_09_49_05_045
-0.5862284	-0.10272102	1.6298729	1	2015_02_25_09_49_05_063
-0.5818016	-0.09761016	1.6200979	1	2015_02_25_09_49_05_079
-0.5818016	-0.09761016	1.6200979	1	2015_02_25_09_49_05_098
-0.5783791	-0.09938768	1.6098949	1	2015_02_25_09_49_05_112
-0.5783791	-0.09938768	1.6098949	1	2015_02_25_09_49_05_130
-0.5739802	-0.10030776	1.6011372	1	2015_02_25_09_49_05_146
-0.5739802	-0.10030776	1.6011372	1	2015_02_25_09_49_05_162
-0.57035667	-0.10089093	1.5927024	1	2015_02_25_09_49_05_180
-0.5652172	-0.10107238	1.5852296	1	2015_02_25_09_49_05_198
-0.5652172	-0.10107238	1.5852296	1	2015_02_25_09_49_05_212
-0.5652172	-0.10107238	1.5852296	1	2015_02_25_09_49_05_230
-0.55860585	-0.101740874	1.5754689	1	2015_02_25_09_49_05_245
-0.55860585	-0.101740874	1.5754689	1	2015_02_25_09_49_05_262
-0.55860585	-0.101740874	1.5754689	1	2015_02_25_09_49_05_278
-0.55860585	-0.101740874	1.5754689	1	2015_02_25_09_49_05_297
-0.5390942	-0.10298072	1.555233	1	2015_02_25_09_49_05_312
-0.5390942	-0.10298072	1.555233	1	2015_02_25_09_49_05_330
-0.52782375	-0.103733465	1.5439981	1	2015_02_25_09_49_05_347
-0.52782375	-0.103733465	1.5439981	1	2015_02_25_09_49_05_363
-0.52782375	-0.103733465	1.5439981	1	2015_02_25_09_49_05_381
-0.5205933	-0.10531096	1.5356457	1	2015_02_25_09_49_05_396
-0.50899905	-0.106001124	1.5245278	1	2015_02_25_09_49_05_413
-0.4993496	-0.10682311	1.5143963	1	2015_02_25_09_49_05_432
-0.4993496	-0.10682311	1.5143963	1	2015_02_25_09_49_05_446
-0.4993496	-0.10682311	1.5143963	1	2015_02_25_09_49_05_463
-0.4993496	-0.10682311	1.5143963	1	2015_02_25_09_49_05_480
-0.4993496	-0.10682311	1.5143963	1	2015_02_25_09_49_05_498
-0.4798725	-0.10736638	1.4940065	1	2015_02_25_09_49_05_513
-0.4798725	-0.10736638	1.4940065	1	2015_02_25_09_49_05_531
-0.4798725	-0.10736638	1.4940065	1	2015_02_25_09_49_05_547
-0.4798725	-0.10736638	1.4940065	1	2015_02_25_09_49_05_564
-0.45477217	-0.108152874	1.4763337	1	2015_02_25_09_49_05_581
-0.45477217	-0.108152874	1.4763337	1	2015_02_25_09_49_05_596
-0.443677	-0.10936968	1.467481	1	2015_02_25_09_49_05_613
-0.443677	-0.10936968	1.467481	1	2015_02_25_09_49_05_633
-0.4342215	-0.1087899	1.4587357	1	2015_02_25_09_49_05_647
-0.4342215	-0.1087899	1.4587357	1	2015_02_25_09_49_05_664
-0.4342215	-0.1087899	1.4587357	1	2015_02_25_09_49_05_680
-0.4342215	-0.1087899	1.4587357	1	2015_02_25_09_49_05_699
-0.41306978	-0.10766599	1.4450905	1	2015_02_25_09_49_05_714
-0.41306978	-0.10766599	1.4450905	1	2015_02_25_09_49_05_733
-0.40353814	-0.1068876	1.4376831	1	2015_02_25_09_49_05_748
-0.40353814	-0.1068876	1.4376831	1	2015_02_25_09_49_05_763
-0.40353814	-0.1068876	1.4376831	1	2015_02_25_09_49_05_781
-0.40353814	-0.1068876	1.4376831	1	2015_02_25_09_49_05_798
-0.40353814	-0.1068876	1.4376831	1	2015_02_25_09_49_05_815
-0.3818676	-0.10430972	1.420674	1	2015_02_25_09_49_05_831
-0.37863126	-0.10407928	1.4175513	1	2015_02_25_09_49_05_847
-0.37863126	-0.10407928	1.4175513	1	2015_02_25_09_49_05_866
-0.3720771	-0.10472893	1.4107782	1	2015_02_25_09_49_05_881
-0.3720771	-0.10472893	1.4107782	1	2015_02_25_09_49_05_899
-0.3720771	-0.10472893	1.4107782	1	2015_02_25_09_49_05_915
-0.3720771	-0.10472893	1.4107782	1	2015_02_25_09_49_05_933
-0.35966158	-0.10636176	1.3945403	1	2015_02_25_09_49_05_949
-0.35966158	-0.10636176	1.3945403	1	2015_02_25_09_49_05_967
-0.35721868	-0.10858838	1.3892485	1	2015_02_25_09_49_05_982
-0.35551053	-0.11158935	1.380044	1	2015_02_25_09_49_05_999
-0.35551053	-0.11158935	1.380044	1	2015_02_25_09_49_06_015
-0.35372192	-0.11413369	1.3707616	1	2015_02_25_09_49_06_033
-0.35372192	-0.11413369	1.3707616	1	2015_02_25_09_49_06_049
-0.35405755	-0.11625753	1.359331	1	2015_02_25_09_49_06_066
-0.35405755	-0.11625753	1.359331	1	2015_02_25_09_49_06_082
-0.35405755	-0.11625753	1.359331	1	2015_02_25_09_49_06_099
-0.35530078	-0.118883856	1.3469989	1	2015_02_25_09_49_06_115
-0.35530078	-0.118883856	1.3469989	1	2015_02_25_09_49_06_132
-0.35519883	-0.12158861	1.3324268	1	2015_02_25_09_49_06_148
-0.35519883	-0.12158861	1.3324268	1	2015_02_25_09_49_06_166
-0.35519883	-0.12158861	1.3324268	1	2015_02_25_09_49_06_181
-0.35519883	-0.12158861	1.3324268	1	2015_02_25_09_49_06_200
-0.3610087	-0.12942965	1.300707	1	2015_02_25_09_49_06_215
-0.36621287	-0.1313927	1.278609	1	2015_02_25_09_49_06_232
-0.36621287	-0.1313927	1.278609	1	2015_02_25_09_49_06_248
-0.36621287	-0.1313927	1.278609	1	2015_02_25_09_49_06_267
-0.37113264	-0.13707851	1.262196	1	2015_02_25_09_49_06_282
-0.3760871	-0.1432533	1.2414567	1	2015_02_25_09_49_06_300
-0.3760871	-0.1432533	1.2414567	1	2015_02_25_09_49_06_316
-0.3760871	-0.1432533	1.2414567	1	2015_02_25_09_49_06_333
-0.37822223	-0.14729781	1.2232213	1	2015_02_25_09_49_06_349
-0.37822223	-0.14729781	1.2232213	1	2015_02_25_09_49_06_366
-0.37822223	-0.14729781	1.2232213	1	2015_02_25_09_49_06_383
-0.37822223	-0.14729781	1.2232213	1	2015_02_25_09_49_06_398
-0.3790018	-0.15647465	1.1770229	1	2015_02_25_09_49_06_415
-0.3790018	-0.15647465	1.1770229	1	2015_02_25_09_49_06_432
-0.3790018	-0.15647465	1.1770229	1	2015_02_25_09_49_06_449
-0.3790018	-0.15647465	1.1770229	1	2015_02_25_09_49_06_466
-0.3859308	-0.16271636	1.1248757	1	2015_02_25_09_49_06_483
-0.3859308	-0.16271636	1.1248757	1	2015_02_25_09_49_06_499
-0.3867633	-0.16856652	1.0966249	1	2015_02_25_09_49_06_517
-0.3867633	-0.16856652	1.0966249	1	2015_02_25_09_49_06_536
-0.3867633	-0.16856652	1.0966249	1	2015_02_25_09_49_06_552
-0.3867633	-0.16856652	1.0966249	1	2015_02_25_09_49_06_568
-0.3867633	-0.16856652	1.0966249	1	2015_02_25_09_49_06_585
-0.3962261	-0.18248305	1.0397481	1	2015_02_25_09_49_06_601
-0.3962261	-0.18248305	1.0397481	1	2015_02_25_09_49_06_618
-0.39976752	-0.1932467	1.0220389	1	2015_02_25_09_49_06_634
-0.39856616	-0.19589601	1.0043204	1	2015_02_25_09_49_06_652
-0.39856616	-0.19589601	1.0043204	1	2015_02_25_09_49_06_668
-0.39856616	-0.19589601	1.0043204	1	2015_02_25_09_49_06_684
-0.39856616	-0.19589601	1.0043204	1	2015_02_25_09_49_06_702
-0.39492878	-0.20837283	0.96341527	1	2015_02_25_09_49_06_718
-0.39492878	-0.20837283	0.96341527	1	2015_02_25_09_49_06_734
-0.39492878	-0.20837283	0.96341527	1	2015_02_25_09_49_06_752
-0.38723052	-0.22550859	0.95050365	1	2015_02_25_09_49_06_767
-0.38324136	-0.23852368	0.93688977	1	2015_02_25_09_49_06_784
-0.38324136	-0.23852368	0.93688977	1	2015_02_25_09_49_06_801
-0.37972403	-0.24508655	0.93035334	1	2015_02_25_09_49_06_817
-0.37972403	-0.24508655	0.93035334	1	2015_02_25_09_49_06_834
-0.3804053	-0.2619041	0.9186376	1	2015_02_25_09_49_06_852
-0.3797638	-0.26980492	0.91033596	1	2015_02_25_09_49_06_867
-0.3797638	-0.26980492	0.91033596	1	2015_02_25_09_49_06_884
-0.3797638	-0.26980492	0.91033596	1	2015_02_25_09_49_06_901
-0.3777046	-0.27728176	0.89854556	1	2015_02_25_09_49_06_917
-0.3790129	-0.28398764	0.8829358	1	2015_02_25_09_49_06_934
-0.3790129	-0.28398764	0.8829358	1	2015_02_25_09_49_06_951
-0.37190652	-0.28822914	0.8674018	1	2015_02_25_09_49_06_967
-0.37190652	-0.28822914	0.8674018	1	2015_02_25_09_49_06_984
-0.3684266	-0.29387975	0.856518	1	2015_02_25_09_49_07_002
-0.3684266	-0.29387975	0.856518	1	2015_02_25_09_49_07_018
-0.36292243	-0.30032614	0.84691495	1	2015_02_25_09_49_07_035
-0.36292243	-0.30032614	0.84691495	1	2015_02_25_09_49_07_051
-0.36292243	-0.30032614	0.84691495	1	2015_02_25_09_49_07_069
-0.35157117	-0.31745243	0.82423633	1	2015_02_25_09_49_07_085
-0.35157117	-0.31745243	0.82423633	1	2015_02_25_09_49_07_102
-0.34036446	-0.3309808	0.80998576	1	2015_02_25_09_49_07_118
-0.33317965	-0.3351826	0.8037317	1	2015_02_25_09_49_07_134
-0.33317965	-0.3351826	0.8037317	1	2015_02_25_09_49_07_150
-0.32296136	-0.34758383	0.79501903	1	2015_02_25_09_49_07_167
-0.32296136	-0.34758383	0.79501903	1	2015_02_25_09_49_07_183
-0.31721282	-0.3682733	0.7757982	1	2015_02_25_09_49_07_200
-0.31721282	-0.3682733	0.7757982	1	2015_02_25_09_49_07_218
-0.31721282	-0.3682733	0.7757982	1	2015_02_25_09_49_07_236
-0.28705525	-0.39670482	0.7695583	1	2015_02_25_09_49_07_253
-0.28705525	-0.39670482	0.7695583	1	2015_02_25_09_49_07_269
-0.28003362	-0.42412698	0.7362011	1	2015_02_25_09_49_07_286
-0.28003362	-0.42412698	0.7362011	1	2015_02_25_09_49_07_302
-0.32427573	-0.59982115	0.9361572	1	2015_02_25_09_49_07_318
-0.32427573	-0.59982115	0.9361572	1	2015_02_25_09_49_07_337
-0.34966427	-0.6635697	0.9091815	1	2015_02_25_09_49_07_352
-0.83538586	-0.09428302	2.3696263	2	2015_02_25_09_50_48_588
-0.83538586	-0.09428302	2.3696263	2	2015_02_25_09_50_48_607
-0.8050185	-0.094769105	2.3816743	2	2015_02_25_09_50_48_622
-0.8050185	-0.094769105	2.3816743	2	2015_02_25_09_50_48_637
-0.7396594	-0.1166564	2.4074283	2	2015_02_25_09_50_48_656
-0.7396594	-0.1166564	2.4074283	2	2015_02_25_09_50_48_671
-0.7344751	-0.121321864	2.385714	2	2015_02_25_09_50_48_688
-0.6884292	-0.120201945	2.3780942	2	2015_02_25_09_50_48_704
-0.6884292	-0.120201945	2.3780942	2	2015_02_25_09_50_48_721
-0.68353415	-0.117421664	2.3803127	2	2015_02_25_09_50_48_740
-0.68353415	-0.117421664	2.3803127	2	2015_02_25_09_50_48_755
-0.6511402	-0.10169363	2.383525	2	2015_02_25_09_50_48_771
-0.6511402	-0.10169363	2.383525	2	2015_02_25_09_50_48_788
-0.61768544	-0.103209175	2.3891618	2	2015_02_25_09_50_48_804
-0.61768544	-0.103209175	2.3891618	2	2015_02_25_09_50_48_822
-0.61768544	-0.103209175	2.3891618	2	2015_02_25_09_50_48_840
-0.5792379	-0.090504855	2.3925536	2	2015_02_25_09_50_48_855
-0.5792379	-0.090504855	2.3925536	2	2015_02_25_09_50_48_872
-0.45474118	-0.10799865	2.3772225	2	2015_02_25_09_50_48_888
-0.4349175	-0.10444219	2.375614	2	2015_02_25_09_50_48_907
-0.4349175	-0.10444219	2.375614	2	2015_02_25_09_50_48_923
-0.4349175	-0.10444219	2.375614	2	2015_02_25_09_50_48_940
-0.38506752	-0.092518434	2.3675861	2	2015_02_25_09_50_48_956
-0.38506752	-0.092518434	2.3675861	2	2015_02_25_09_50_48_973
-0.36579016	-0.08558934	2.3666515	2	2015_02_25_09_50_48_988
-0.36579016	-0.08558934	2.3666515	2	2015_02_25_09_50_49_005
-0.36579016	-0.08558934	2.3666515	2	2015_02_25_09_50_49_023
-0.36579016	-0.08558934	2.3666515	2	2015_02_25_09_50_49_040
-0.25994968	-0.07745171	2.3615866	2	2015_02_25_09_50_49_057
-0.25994968	-0.07745171	2.3615866	2	2015_02_25_09_50_49_074
-0.23043609	-0.07331865	2.3574483	2	2015_02_25_09_50_49_088
-0.17873132	-0.081780545	2.3376062	2	2015_02_25_09_50_49_106
-0.17873132	-0.081780545	2.3376062	2	2015_02_25_09_50_49_122
-0.16319734	-0.081718035	2.3351061	2	2015_02_25_09_50_49_139
-0.16319734	-0.081718035	2.3351061	2	2015_02_25_09_50_49_155
-0.107214786	-0.0966911	2.3309987	2	2015_02_25_09_50_49_172
-0.107214786	-0.0966911	2.3309987	2	2015_02_25_09_50_49_188
-0.10387804	-0.10041232	2.3318532	2	2015_02_25_09_50_49_205
-0.10387804	-0.10041232	2.3318532	2	2015_02_25_09_50_49_222
-0.09580582	-0.11018793	2.3282754	2	2015_02_25_09_50_49_238
-0.09580582	-0.11018793	2.3282754	2	2015_02_25_09_50_49_255
-0.060500853	-0.120721444	2.3243058	2	2015_02_25_09_50_49_272
-0.060500853	-0.120721444	2.3243058	2	2015_02_25_09_50_49_289
-0.030579949	-0.1298719	2.3155346	2	2015_02_25_09_50_49_305
-0.030579949	-0.1298719	2.3155346	2	2015_02_25_09_50_49_322
0.025510646	-0.13628025	2.2973874	2	2015_02_25_09_50_49_338
0.025510646	-0.13628025	2.2973874	2	2015_02_25_09_50_49_356
0.025510646	-0.13628025	2.2973874	2	2015_02_25_09_50_49_374
0.034064915	-0.13951309	2.294131	2	2015_02_25_09_50_49_391
0.034064915	-0.13951309	2.294131	2	2015_02_25_09_50_49_407
0.13319364	-0.15307166	2.271051	2	2015_02_25_09_50_49_424
0.17973267	-0.14296274	2.2580035	2	2015_02_25_09_50_49_440
0.17973267	-0.14296274	2.2580035	2	2015_02_25_09_50_49_457
0.19925603	-0.14427301	2.2542138	2	2015_02_25_09_50_49_473
0.19925603	-0.14427301	2.2542138	2	2015_02_25_09_50_49_490
0.23413152	-0.13387547	2.2455652	2	2015_02_25_09_50_49_507
0.23413152	-0.13387547	2.2455652	2	2015_02_25_09_50_49_523
0.29002622	-0.11895775	2.233232	2	2015_02_25_09_50_49_540
0.29002622	-0.11895775	2.233232	2	2015_02_25_09_50_49_557
0.3508077	-0.11528345	2.2189069	2	2015_02_25_09_50_49_574
0.3508077	-0.11528345	2.2189069	2	2015_02_25_09_50_49_590
0.3508077	-0.11528345	2.2189069	2	2015_02_25_09_50_49_606
0.3508077	-0.11528345	2.2189069	2	2015_02_25_09_50_49_625
0.42254758	-0.10039829	2.2131588	2	2015_02_25_09_50_49_639
0.42254758	-0.10039829	2.2131588	2	2015_02_25_09_50_49_657
0.47435203	-0.083543606	2.210945	2	2015_02_25_09_50_49_672
0.47435203	-0.083543606	2.210945	2	2015_02_25_09_50_49_689
0.4990857	-0.10131058	2.21156	2	2015_02_25_09_50_49_706
0.4990857	-0.10131058	2.21156	2	2015_02_25_09_50_49_724
0.4990857	-0.10131058	2.21156	2	2015_02_25_09_50_49_741
0.5395875	-0.11207698	2.210651	2	2015_02_25_09_50_49_757
0.5678815	-0.122647636	2.218671	2	2015_02_25_09_50_49_774
0.5678815	-0.122647636	2.218671	2	2015_02_25_09_50_49_790
0.60772604	-0.13800445	2.22318	2	2015_02_25_09_50_49_807
0.60772604	-0.13800445	2.22318	2	2015_02_25_09_50_49_824
0.62826234	-0.13954812	2.2229114	2	2015_02_25_09_50_49_840
0.62826234	-0.13954812	2.2229114	2	2015_02_25_09_50_49_859
0.6731162	-0.13950169	2.2145777	2	2015_02_25_09_50_49_873
0.6731162	-0.13950169	2.2145777	2	2015_02_25_09_50_49_890
0.70491564	-0.13707843	2.2151587	2	2015_02_25_09_50_49_906
0.70491564	-0.13707843	2.2151587	2	2015_02_25_09_50_49_925
0.78590465	-0.14469098	2.2291696	2	2015_02_25_09_50_49_940
0.78590465	-0.14469098	2.2291696	2	2015_02_25_09_50_49_958
0.8199071	-0.1341792	2.2239072	2	2015_02_25_09_50_49_974
0.8199071	-0.1341792	2.2239072	2	2015_02_25_09_50_49_993
0.8659789	-0.11770731	2.227676	2	2015_02_25_09_50_50_007
0.8659789	-0.11770731	2.227676	2	2015_02_25_09_50_50_025
0.9075388	-0.1177605	2.2281616	2	2015_02_25_09_50_50_041
0.9075388	-0.1177605	2.2281616	2	2015_02_25_09_50_50_057
0.94933134	-0.1122155	2.2311118	2	2015_02_25_09_50_50_074
0.94933134	-0.1122155	2.2311118	2	2015_02_25_09_50_50_094
0.9671418	-0.103528254	2.2285764	2	2015_02_25_09_50_50_110
0.9671418	-0.103528254	2.2285764	2	2015_02_25_09_50_50_126
1.0014321	-0.09363015	2.229871	2	2015_02_25_09_50_50_142
1.0014321	-0.09363015	2.229871	2	2015_02_25_09_50_50_160
1.0624424	-0.085124694	2.219081	2	2015_02_25_09_50_50_176
1.0624424	-0.085124694	2.219081	2	2015_02_25_09_50_50_193
1.0780659	-0.086484	2.217371	2	2015_02_25_09_50_50_209
1.0780659	-0.086484	2.217371	2	2015_02_25_09_50_50_227
1.1061051	-0.09154593	2.2180545	2	2015_02_25_09_50_50_243
1.1061051	-0.09154593	2.2180545	2	2015_02_25_09_50_50_260
1.1315329	-0.097588435	2.2129147	2	2015_02_25_09_50_50_276
1.1315329	-0.097588435	2.2129147	2	2015_02_25_09_50_50_293
1.160058	-0.10915892	2.216795	2	2015_02_25_09_50_50_309
1.160058	-0.10915892	2.216795	2	2015_02_25_09_50_50_326
1.1890754	-0.15223776	2.2160578	2	2015_02_25_09_50_50_343
1.1890754	-0.15223776	2.2160578	2	2015_02_25_09_50_50_359
1.1999172	-0.15318322	2.2265358	2	2015_02_25_09_50_50_376
1.1999172	-0.15318322	2.2265358	2	2015_02_25_09_50_50_392
1.2397666	-0.21356954	2.236196	2	2015_02_25_09_50_50_410
1.2397666	-0.21356954	2.236196	2	2015_02_25_09_50_50_426
1.1818327	-0.20307033	2.2529118	2	2015_02_25_09_50_50_444
1.1818327	-0.20307033	2.2529118	2	2015_02_25_09_50_50_459
1.2142893	-0.21021141	2.25741	2	2015_02_25_09_50_50_477
1.2142893	-0.21021141	2.25741	2	2015_02_25_09_50_50_494
1.2929746	-0.23496462	2.2516603	2	2015_02_25_09_50_50_511
1.2929746	-0.23496462	2.2516603	2	2015_02_25_09_50_50_527
1.3805329	-0.24133877	2.212619	2	2015_02_25_09_50_50_544
1.3805329	-0.24133877	2.212619	2	2015_02_25_09_50_50_561
1.3805329	-0.24133877	2.212619	2	2015_02_25_09_50_50_578
1.3790822	-0.25742003	2.1915436	2	2015_02_25_09_50_50_592
1.3790822	-0.25742003	2.1915436	2	2015_02_25_09_50_50_610
1.3790822	-0.25742003	2.1915436	2	2015_02_25_09_50_50_626
1.4451975	-0.31115988	2.2104604	2	2015_02_25_09_50_50_643
1.4451975	-0.31115988	2.2104604	2	2015_02_25_09_50_50_661
1.4451975	-0.31115988	2.2104604	2	2015_02_25_09_50_50_678
1.3528111	-0.41142803	2.2363293	2	2015_02_25_09_50_50_695
1.3528111	-0.41142803	2.2363293	2	2015_02_25_09_50_50_712
1.3528111	-0.41142803	2.2363293	2	2015_02_25_09_50_50_727
1.3528111	-0.41142803	2.2363293	2	2015_02_25_09_50_50_745
1.1965525	-0.3278588	1.8470783	2	2015_02_25_09_50_50_761
1.1965525	-0.3278588	1.8470783	2	2015_02_25_09_50_50_777
1.1965525	-0.3278588	1.8470783	2	2015_02_25_09_50_50_793
0.55320156	-0.22188717	1.1041698	3	2015_02_25_09_50_50_809
-0.97827125	-0.26261076	2.0866046	4	2015_02_25_11_16_16_925
-0.97827125	-0.26261076	2.0866046	4	2015_02_25_11_16_16_941
-0.97827125	-0.26261076	2.0866046	4	2015_02_25_11_16_16_957
-0.97827125	-0.26261076	2.0866046	4	2015_02_25_11_16_16_974
-0.8888715	-0.26045233	2.1105926	4	2015_02_25_11_16_16_990
-0.8407236	-0.26548243	2.1225317	4	2015_02_25_11_16_17_007
-0.8407236	-0.26548243	2.1225317	4	2015_02_25_11_16_17_024
-0.7850935	-0.25646472	2.1427357	4	2015_02_25_11_16_17_040
-0.7850935	-0.25646472	2.1427357	4	2015_02_25_11_16_17_057
-0.72766435	-0.24270347	2.1766212	4	2015_02_25_11_16_17_075
-0.72766435	-0.24270347	2.1766212	4	2015_02_25_11_16_17_092
-0.6753542	-0.23088431	2.1968799	4	2015_02_25_11_16_17_109
-0.67337525	-0.2304625	2.2028115	4	2015_02_25_11_16_17_125
-0.67337525	-0.2304625	2.2028115	4	2015_02_25_11_16_17_142
-0.6635816	-0.22720642	2.2179265	4	2015_02_25_11_16_17_158
-0.6635816	-0.22720642	2.2179265	4	2015_02_25_11_16_17_175
-0.6635816	-0.22720642	2.2179265	4	2015_02_25_11_16_17_192
-0.6017883	-0.19303004	2.2485857	4	2015_02_25_11_16_17_209
-0.6017883	-0.19303004	2.2485857	4	2015_02_25_11_16_17_226
-0.5465412	-0.19450508	2.2789361	4	2015_02_25_11_16_17_242
-0.5465412	-0.19450508	2.2789361	4	2015_02_25_11_16_17_259
-0.50843817	-0.084117554	2.2940977	4	2015_02_25_11_16_17_275
-0.49298877	-0.17823735	2.2734396	4	2015_02_25_11_16_17_292
-0.49298877	-0.17823735	2.2734396	4	2015_02_25_11_16_17_309
-0.49298877	-0.17823735	2.2734396	4	2015_02_25_11_16_17_325
-0.49298877	-0.17823735	2.2734396	4	2015_02_25_11_16_17_341
-0.4008137	-0.17718977	2.3094625	4	2015_02_25_11_16_17_359
-0.4008137	-0.17718977	2.3094625	4	2015_02_25_11_16_17_374
-0.4008137	-0.17718977	2.3094625	4	2015_02_25_11_16_17_392
-0.36237687	-0.17528443	2.3201904	4	2015_02_25_11_16_17_409
-0.36237687	-0.17528443	2.3201904	4	2015_02_25_11_16_17_425
-0.31128365	-0.17574927	2.3406086	4	2015_02_25_11_16_17_442
-0.26117712	-0.18130411	2.3585432	4	2015_02_25_11_16_17_459
-0.26117712	-0.18130411	2.3585432	4	2015_02_25_11_16_17_476
-0.26117712	-0.18130411	2.3585432	4	2015_02_25_11_16_17_492
-0.26117712	-0.18130411	2.3585432	4	2015_02_25_11_16_17_509
-0.26117712	-0.18130411	2.3585432	4	2015_02_25_11_16_17_525
-0.26117712	-0.18130411	2.3585432	4	2015_02_25_11_16_17_542
-0.1810366	-0.1684505	2.3799195	4	2015_02_25_11_16_17_558
-0.1282995	-0.17356858	2.4045103	4	2015_02_25_11_16_17_575
-0.113301136	-0.17130402	2.4072173	4	2015_02_25_11_16_17_593
-0.113301136	-0.17130402	2.4072173	4	2015_02_25_11_16_17_609
-0.113301136	-0.17130402	2.4072173	4	2015_02_25_11_16_17_626
-0.07005005	-0.14329284	2.4250731	4	2015_02_25_11_16_17_642
-0.07005005	-0.14329284	2.4250731	4	2015_02_25_11_16_17_658
-0.029686537	-0.14310174	2.4277706	4	2015_02_25_11_16_17_676
-0.029686537	-0.14310174	2.4277706	4	2015_02_25_11_16_17_692
-0.0050041457	-0.14182407	2.4376128	4	2015_02_25_11_16_17_710
0.09720891	-0.14141749	2.5049832	4	2015_02_25_11_16_17_726
0.09720891	-0.14141749	2.5049832	4	2015_02_25_11_16_17_742
0.122041695	-0.15973753	2.514102	4	2015_02_25_11_16_17_760
0.122041695	-0.15973753	2.514102	4	2015_02_25_11_16_17_776
0.16685885	-0.15173255	2.5251842	4	2015_02_25_11_16_17_793
0.16685885	-0.15173255	2.5251842	4	2015_02_25_11_16_17_811
0.16685885	-0.15173255	2.5251842	4	2015_02_25_11_16_17_826
0.201135	-0.16676314	2.5427246	4	2015_02_25_11_16_17_843
0.201135	-0.16676314	2.5427246	4	2015_02_25_11_16_17_859
0.201135	-0.16676314	2.5427246	4	2015_02_25_11_16_17_877
0.201135	-0.16676314	2.5427246	4	2015_02_25_11_16_17_894
0.2933421	-0.17657791	2.5644217	4	2015_02_25_11_16_17_910
0.2933421	-0.17657791	2.5644217	4	2015_02_25_11_16_17_926
0.35745516	-0.1685107	2.548988	4	2015_02_25_11_16_17_943
0.35745516	-0.1685107	2.548988	4	2015_02_25_11_16_17_961
0.414018	-0.17299843	2.5930161	4	2015_02_25_11_16_17_977
0.47053388	-0.15695068	2.5953915	4	2015_02_25_11_16_17_992
0.47053388	-0.15695068	2.5953915	4	2015_02_25_11_16_18_009
0.5254331	-0.15717432	2.6120632	4	2015_02_25_11_16_18_027
0.5254331	-0.15717432	2.6120632	4	2015_02_25_11_16_18_043
0.5827308	-0.14607193	2.6398306	4	2015_02_25_11_16_18_059
0.5827308	-0.14607193	2.6398306	4	2015_02_25_11_16_18_077
0.5827308	-0.14607193	2.6398306	4	2015_02_25_11_16_18_095
0.567108	-0.12607977	2.6076126	4	2015_02_25_11_16_18_110
0.567108	-0.12607977	2.6076126	4	2015_02_25_11_16_18_127
0.5922491	-0.13069682	2.619144	4	2015_02_25_11_16_18_144
0.6730873	-0.12553853	2.636786	4	2015_02_25_11_16_18_161
0.6730873	-0.12553853	2.636786	4	2015_02_25_11_16_18_178
0.70879996	-0.110659115	2.6503468	4	2015_02_25_11_16_18_195
0.70879996	-0.110659115	2.6503468	4	2015_02_25_11_16_18_211
0.7559433	-0.12538236	2.676135	4	2015_02_25_11_16_18_229
0.7559433	-0.12538236	2.676135	4	2015_02_25_11_16_18_244
0.80369586	-0.13384378	2.6921196	4	2015_02_25_11_16_18_261
0.80369586	-0.13384378	2.6921196	4	2015_02_25_11_16_18_277
0.8543157	-0.13507016	2.7070124	4	2015_02_25_11_16_18_294
0.8543157	-0.13507016	2.7070124	4	2015_02_25_11_16_18_310
0.91368127	-0.14755762	2.773641	4	2015_02_25_11_16_18_327
0.91368127	-0.14755762	2.773641	4	2015_02_25_11_16_18_344
0.9709749	-0.14378075	2.8172357	4	2015_02_25_11_16_18_361
0.9709749	-0.14378075	2.8172357	4	2015_02_25_11_16_18_377
1.0633321	-0.14229201	2.8237653	4	2015_02_25_11_16_18_394
1.0633321	-0.14229201	2.8237653	4	2015_02_25_11_16_18_411
1.0711485	-0.13775814	2.8305273	4	2015_02_25_11_16_18_428
1.0711485	-0.13775814	2.8305273	4	2015_02_25_11_16_18_445
1.119266	-0.1541102	2.8627934	4	2015_02_25_11_16_18_461
1.119266	-0.1541102	2.8627934	4	2015_02_25_11_16_18_478
1.1789546	-0.16754358	2.8727508	4	2015_02_25_11_16_18_495
1.1789546	-0.16754358	2.8727508	4	2015_02_25_11_16_18_511
1.1967715	-0.18199617	2.8537724	4	2015_02_25_11_16_18_529
1.1967715	-0.18199617	2.8537724	4	2015_02_25_11_16_18_545
1.2266941	-0.11659161	2.8383207	4	2015_02_25_11_16_18_561
1.2266941	-0.11659161	2.8383207	4	2015_02_25_11_16_18_578
1.2425176	-0.1095663	2.8378356	4	2015_02_25_11_16_18_594
1.2425176	-0.1095663	2.8378356	4	2015_02_25_11_16_18_611
1.2665707	-0.102735154	2.8537786	4	2015_02_25_11_16_18_628
1.2665707	-0.102735154	2.8537786	4	2015_02_25_11_16_18_644
1.2900803	-0.10694911	2.8645515	4	2015_02_25_11_16_18_661
1.2900803	-0.10694911	2.8645515	4	2015_02_25_11_16_18_677
1.3396884	-0.11873666	2.8931699	4	2015_02_25_11_16_18_694
1.3396884	-0.11873666	2.8931699	4	2015_02_25_11_16_18_710
1.3824474	-0.14850341	2.901322	4	2015_02_25_11_16_18_728
1.3824474	-0.14850341	2.901322	4	2015_02_25_11_16_18_744
1.4293807	-0.13465746	2.9455075	4	2015_02_25_11_16_18_761
1.4293807	-0.13465746	2.9455075	4	2015_02_25_11_16_18_777
1.5548935	-0.20574658	2.9631038	4	2015_02_25_11_16_18_795
1.5548935	-0.20574658	2.9631038	4	2015_02_25_11_16_18_810
1.6805611	-0.1554654	3.040258	4	2015_02_25_11_16_18_827
1.6805611	-0.1554654	3.040258	4	2015_02_25_11_16_18_844
1.7242148	-0.10818677	3.0803154	4	2015_02_25_11_16_18_860
1.7242148	-0.10818677	3.0803154	4	2015_02_25_11_16_18_878
1.7161592	-0.29362208	2.9499006	4	2015_02_25_11_16_18_895
1.7161592	-0.29362208	2.9499006	4	2015_02_25_11_16_18_911
1.7521324	-0.2892035	2.8960943	4	2015_02_25_11_16_18_928
1.7521324	-0.2892035	2.8960943	4	2015_02_25_11_16_18_945
1.7289011	-0.24329677	3.0236971	4	2015_02_25_11_16_18_961
1.7289011	-0.24329677	3.0236971	4	2015_02_25_11_16_18_979
1.7289011	-0.24329677	3.0236971	4	2015_02_25_11_16_18_997
1.7951016	-0.21832618	2.9702945	4	2015_02_25_11_16_19_014
1.7951016	-0.21832618	2.9702945	4	2015_02_25_11_16_19_029
1.8600609	-0.25443012	2.9907908	4	2015_02_25_11_16_19_046
1.8600609	-0.25443012	2.9907908	4	2015_02_25_11_16_19_064
1.9093451	-0.27957928	2.9977686	4	2015_02_25_11_16_19_079
1.8762988	-0.2932452	3.0323145	4	2015_02_25_11_16_19_096
1.8762988	-0.2932452	3.0323145	4	2015_02_25_11_16_19_113
1.8972964	-0.28327805	3.0176365	4	2015_02_25_11_16_19_130
1.8972964	-0.28327805	3.0176365	4	2015_02_25_11_16_19_145
1.9896992	-0.30792	3.0922108	4	2015_02_25_11_16_19_163
1.9896992	-0.30792	3.0922108	4	2015_02_25_11_16_19_179
1.996623	-0.29471126	2.9838922	4	2015_02_25_11_16_19_196
1.996623	-0.29471126	2.9838922	4	2015_02_25_11_16_19_213
1.9696465	-0.5974988	3.0970154	4	2015_02_25_11_16_19_230
1.9696465	-0.5974988	3.0970154	4	2015_02_25_11_16_19_246
1.9696465	-0.5974988	3.0970154	4	2015_02_25_11_16_19_263
2.0088909	-0.6200341	3.1143072	4	2015_02_25_11_16_19_281
0.44385383	-0.04119555	0.6559577	5	2015_02_25_11_16_19_296
0.44385383	-0.04119555	0.6559577	5	2015_02_25_11_16_19_312
